19.674,90.187,-81.214
4.6555,162.67,-87.288
-145.99,352.13,-70.982
26.44,130.06,-114.69
66.993,51.595,-99.088
-156.79,459.36,-78.532
-62.357,288.71,-78.783
40.407,47.25,-132.23
-108.14,339.87,-62.63
5.1384,120.06,-80.195
38.032,103.8,-93.218
-57.576,187.18,-104.89
16.065,93.277,-81.241
-118.42,297.18,-88.813
-71.434,214.52,-106.33
-11.877,200.86,-113.5
-192.54,433.02,-56.899
-198.53,452.7,-87.983
-85.528,265.3,-117.04
48.161,89.769,-113.23
-50.279,185.05,-85.505
-153.03,432.33,-52.576
-31.024,202.25,-125.43
58.225,71.871,-105.02
34.694,33.944,-86.363
30.141,42.459,-128.39
-121.52,349.7,-110.56
-68.752,256.1,-71.3
-174.04,452.95,-94.572
-25.366,217.62,-117.71
-123.13,318.8,-105.54
32.215,95.826,-84.624
-157.52,366.58,-87.752
-7.3236,105.76,-88.099
17.509,114.77,-129.15
-65.627,280.05,-116.23
-146.01,371.21,-103.79
70.369,48.101,-108.82
-113.31,298.75,-75.378
-7.2735,174,-124.08
-14.527,163.79,-78.393
28.372,117.9,-121.49
-99.192,265.43,-102.3
-39.819,153.15,-104.18
65.274,54.964,-115.83
-114.26,335.97,-62.23
-137.72,412.89,-58.375
-106.19,338.83,-63.12
-61.766,283.98,-111.88
-171.35,404.59,-57.555
-89.027,330.83,-107.29
-37.939,253.14,-104.86
-74.982,311.26,-106.89
-161.52,413.1,-50.948
-93.562,353.55,-82.263
-108.67,330.68,-62.967
-132.03,323.9,-95.979
-141.87,409.9,-55.018
-58.445,205.02,-118.43
4.6072,76.638,-120.36
-22.259,226.19,-97.405
-106.41,329.31,-63.261
-147.32,440.18,-85.393
-174.58,414.87,-95.265
-0.70474,102.45,-126.56
44.73,98.099,-109.34
-5.3777,186.03,-116.4
-180.84,414.45,-89.419
-178.51,488.08,-80.867
-4.6418,163.53,-126
-30.31,216.58,-79.032
47.778,87.189,-95.806
-178.98,426.91,-50.835
-108.16,285.5,-79.839
-146.98,354.75,-96.988
-94.147,289.66,-68.605
-71.899,315.32,-86.476
-1.69,118.21,-129.06
-11.363,189.66,-84.103
-52.529,253.03,-119.65
-43.328,213.59,-75.01
-107.58,375.84,-75.323
-51.785,200.56,-121.77
42.007,86.136,-88.149
-204.49,452.07,-81.519
-12.639,208.19,-104.3
-184.66,430.06,-52.213
22.301,32.414,-107.74
-187.32,506.16,-75.619
-87.093,287.69,-118.05
-146.25,371.04,-103.62
-128.52,414.29,-77.853
-9.5994,136.86,-128.76
-103.66,287.2,-110.76
-4.9221,145.06,-79.297
-82.701,241.32,-83.176
-42.458,196.19,-77.064
-172.48,480.04,-52.734
-165.41,399.2,-56.676
-154.88,412.8,-101.38
36.863,78.086,-83.221
-207.77,450.08,-69.877
-177.69,400.24,-71.365
10.495,162.45,-111.21
-101.49,290.23,-113.23
-43.148,263.17,-103
-114.51,380.09,-67.266
-52.066,183.54,-114.12
4.2742,68.322,-103.14
-51.895,266.67,-113.36
-18.301,158.2,-128.22
23.366,102.34,-129.7
3.5603,149.57,-126.27
-23.928,218.68,-85.119
-188.53,496.62,-43.796
-87.524,318.78,-112
-208.83,458.56,-79.735
-90.765,331.18,-69.635
-172.61,437.97,-46.826
-122.62,329.61,-65.688
-150.86,443.05,-58.351
-135.39,336.05,-71.53
22.151,81.064,-131.23
-111.14,347.83,-110.51
-181.33,411.12,-86.424
-44.645,235.23,-121.87
-90.861,346.05,-96.857
8.6985,113.19,-130.45
-124.04,326.32,-67.884
-11.954,184.95,-82.053
50.092,43.264,-82.962
-125.64,377.09,-105.89
-140.02,432.88,-79.523
-104.46,349.17,-65.018
-202.44,441.4,-66.273
-42.285,221.32,-75.069
-162.16,466.51,-79.693
-125.05,351.25,-60.266
22.125,33.98,-102.2
21.004,37.069,-100.51
-159.44,435.96,-49.823
41.686,56.618,-131.93
-2.5372,97.964,-123.73
33.184,90.668,-128.69
13.818,157.43,-99.262
6.512,63.631,-104.51
-153.14,372.91,-62.818
-160.94,375.04,-90.426
-34.136,214.08,-76.822
-52.227,176.81,-99.392
-42.817,170.54,-118
-82.185,326.42,-76.312
-138.18,373.56,-57.08
-114.88,381.81,-67.793
-155.13,424.92,-50.774
-133.36,355.95,-60.539
61.628,54.405,-92.439
-93.561,313.95,-65.841
-155.43,423.75,-50.641
-149.75,445.78,-62.234
-199.94,437.03,-72.606
-30.889,157.62,-83.184
-157.03,369.66,-69.654
-85.215,336.08,-98.23
-67.841,284.57,-115.61
-17.046,216.79,-100.2
-163.38,472.2,-63.752
-143.19,426.91,-58.748
-115.13,380.92,-98.059
54.257,77.429,-99.53
34.939,75.411,-131
-177.71,487.27,-80.663
25.711,134.53,-100.27
-62.728,298.35,-99.609
-167.16,460.95,-89.208
-136.18,335,-98.793
-7.7689,95.547,-115.3
-10.441,167.97,-126.96
-152.08,451.58,-63.832
-148.09,374.61,-59.111
12.654,114.76,-80.757
-197.37,440.52,-56.102
-101.54,352.32,-67.99
58.459,45.222,-128.86
-166.01,444.07,-95.561
-25.104,216.01,-118.35
-209.17,466.9,-83.789
-46.764,271,-98.866
-157.76,372.42,-93.691
1.0089,119.82,-80.487
-92.212,282.98,-69.817
-37.606,249.45,-87.049
-40.412,154.43,-105.29
-56.023,213.22,-122.18
-24.795,128.15,-113.65
-156.76,430.06,-50.454
2.2155,92.199,-125.35
-128.75,414.65,-76.667
-176.09,494.05,-61.802
28.045,56.786,-83.636
56.042,75.175,-112
-101.61,325.95,-64.109
-35.414,231.94,-79.981
43.446,91.305,-92.23
3.81,99.775,-83.227
-26.938,131.08,-111.98
32.454,113.01,-91.719
42.475,53.787,-132.06
-199.68,462.42,-89.327
-12.037,109.87,-90.685
-128.72,398.02,-98.581
-32.507,160.69,-123.06
27.388,23.163,-111.79
-120.38,393.59,-67.978
-24.07,218.25,-84.72
24.291,89.61,-131.09
9.462,58.679,-111.62
-136.37,410.36,-96.935
-31.602,178.94,-77.854
-170.33,401.95,-58.379
10.437,96.382,-81.784
-48.922,208.84,-76.066
-55.552,202.54,-119.85
17.265,69.134,-85.19
-133.58,412.66,-62.36
-162.15,439.68,-95.982
-187.73,417.75,-67.25
-122.15,377.7,-60.362
-161.62,378.52,-67.388
-176.67,491.95,-55.743
25.13,26.912,-106.4
-179.21,424.76,-51.855
-6.6645,196.5,-97.526
-99.271,268.12,-83.101
44.038,85.172,-89.558
-95.212,356.87,-83.398
-81.163,263.25,-118.68
26.181,84.495,-131.29
-164.33,432.78,-48.283
-165.14,383.33,-67.731
56.337,54.912,-87.757
-87.888,279.71,-117.81
-142.43,429.22,-60.905
-104.98,289.3,-73.757
-41.433,165.25,-88.694
-164.07,380.64,-69.029
35.458,67.869,-131.68
-132.21,329.76,-100.88
-80.631,232.7,-88.433
28.935,39.609,-88.033
17.927,41.489,-110.52
13.842,55.296,-118.47
-106.35,310.7,-113.97
-24.396,157.46,-126.57
-204.78,479.46,-40.53
-61.849,255.71,-121.35
-95.713,276.38,-113.43
-117.58,313.43,-70.11
-109.79,296.6,-108.94
-205.2,469.9,-43.995
-169.11,422.69,-98.609
-187.76,496.2,-44.265
-180.36,498.73,-72.381
-74.747,233.3,-80.158
30.672,125.91,-106.02
-3.7657,115.46,-82.467
-55.641,257.54,-119.47
-167.13,479.32,-68.018
-42.793,185.55,-123.34
-8.718,200.52,-105.86
-206.01,487.56,-88.315
35.928,31.4,-86.46
-103.97,279.44,-106.52
-72.728,222.02,-85.733
-18.668,115.19,-112.71
-166.25,417.6,-99.39
-140.59,401.02,-102.51
40.813,82.087,-127.28
-129.55,392.74,-101.67
-15.772,108.4,-99.43
35.994,75.353,-130.78
-22.992,221.85,-88.625
-48.201,256.81,-78.461
-122.36,341.91,-110.57
-99.835,319.99,-114.56
-165.38,446.18,-48.199
4.5905,174.97,-98.205
-97.218,265.2,-82.686
-155.68,416.2,-50.772
16.956,140.63,-120.32
-143.41,427.21,-91.953
-162.68,443.16,-94.956
-26.32,134.37,-116.57
45.165,55.09,-131.55
-207.76,479.56,-41.236
-68.761,295.48,-111.15
-196.34,433.1,-78.642
-51.257,248.2,-74.558
-119.63,366.26,-60.155
-163.32,417.58,-100.06
-170.7,389.98,-69.998
48.624,75.246,-124.28
-36.397,204.08,-125.79
8.3151,104.31,-130.22
-164.19,376.45,-78.915
-34.614,195.46,-76.293
-3.5595,114.62,-82.59
-127.31,343.19,-62.694
28.842,123.14,-117.13
10.313,135.8,-82.556
-89.674,276.97,-70.721
-110.12,304.99,-69.524
-18.313,217.7,-94.753
-177.33,412.76,-57.106
-189.45,455.53,-92.969
-45.179,193.14,-123.66
-203.39,451.72,-82.782
-214.27,477.88,-45.048
44.504,98.174,-110.47
-100.4,328.42,-113.09
-127.15,410.88,-83.616
-198.3,437.56,-79.626
29.465,123.78,-115.36
-67.877,287.13,-73.334
-143.43,382.87,-105.39
-123.13,312.97,-102.3
-39.241,246.51,-113.64
-119.49,339.91,-111.27
48.66,90.598,-104.27
-138.89,339.61,-98.089
-158.75,398.48,-54.282
-94.398,296.99,-116.68
-75.021,273.13,-119.84
-129.74,362.97,-108.65
-27.795,180.94,-127.24
7.896,160.13,-118.19
-61.091,196.57,-109.38
-141.1,367.27,-105.61
-133.7,331.92,-72.941
21.367,86.189,-131.25
-31.387,159.92,-123.58
-199.77,494.44,-38.363
-156.05,370.88,-95.087
38.537,77.293,-129.66
-17.454,199.35,-82.71
-126.42,316.16,-77.593
37.196,113.22,-105.44
-175.94,445.46,-45.652
-169.94,459.02,-47.581
1.2438,178.15,-112.86
-4.418,84.983,-104.1
-59.746,195.4,-90.2
-191.46,481.85,-89.81
-121.55,346.11,-60.933
-18.912,164.58,-128.18
-166.43,473.99,-57.77
-75.702,239.67,-116.82
14.171,48.441,-108.08
-91.354,338.24,-104.71
43.044,45.211,-82.421
-83.032,294.26,-117.39
-159.49,404.1,-101.19
-14.665,123.41,-85.944
44.255,43.524,-132.43
-76.783,299.3,-70.757
-54.626,283.99,-100.83
-173.07,461.01,-46.253
-155.39,393.5,-102.1
-63.174,206.66,-85.375
61.293,62.108,-97.986
-57.241,186.2,-103.58
-167.32,440.03,-96.812
-144.35,397.87,-53.763
-134.77,328.26,-94.8
28.324,48.986,-85.323
-8.7894,199.42,-95.125
-6.9477,90.332,-109.48
-202.97,467.83,-88.395
-113.49,289.92,-97.904
-59.751,204.36,-116.94
-145.65,349.56,-73.149
-134.54,328.44,-78.172
-85.106,295.13,-117.43
-22.587,166.33,-78.255
-57.824,197.81,-85.372
-111.24,313.11,-66.979
33.743,100.79,-87.098
-29.551,150.26,-121.66
-95.955,276.15,-113.18
-119.42,300.23,-96.345
-150.35,445.85,-44.318
-18.109,208.78,-123.01
-68.384,282.77,-114.89
23.61,156.84,-122.47
-79.71,333.74,-62.071
-162.57,480.98,-87.215
-92.163,309.19,-107.17
-35.278,212.31,-75.827
-120.11,420.68,-54.92
-0.78623,161.97,-124.83
-45.891,253.76,-69.3
-78.424,365.87,-89.648
-124.84,349.66,-75.784
-103.88,313.35,-93.689
-189.11,487.68,-84.8
72.625,65.081,-124.23
35.109,133.86,-80.668
-187.69,455.12,-62.674
-146.42,413.29,-96.337
-204.44,490.39,-46.725
-50.718,217.04,-90.505
49.85,128.18,-111.48
-70.603,271.48,-72.285
-124.69,348.4,-86.159
-152.78,445.4,-94.413
-20.025,237.57,-74.541
-131.65,458.23,-70.226
-1.4939,223.01,-85.577
-38.004,292.25,-101.41
-60.211,259.79,-115.21
40.574,41.665,-110.34
-52.128,281.51,-67.481
85.763,54.144,-117.05
-18.265,243.2,-114.59
41.83,141.12,-90.371
-142.81,431.35,-96.765
-176.97,484.48,-37.547
32.285,60.663,-94.2
-84.858,323.83,-61.82
-75.324,354.62,-71.115
49.448,132.41,-104.54
-111.45,356.65,-58.747
-18.338,221.5,-73.023
-68.781,248.67,-92.527
-10.836,243.63,-104.84
-34.448,193.86,-112
75.547,74.413,-116.33
-83.505,278.7,-99.938
-128.07,375.16,-99.893
14.787,109.27,-121.32
45.281,42.247,-119.63
-45.43,215.94,-111.56
-168.65,443.81,-47.651
52.059,45.571,-82.611
-51.378,219.84,-87.81
-156.45,418.27,-90.957
20.773,157.97,-123.49
-95.031,393.25,-70.636
-37.721,246.28,-70.025
-60.231,334.14,-80.793
-7.1134,136.85,-110.41
-48.329,214.09,-105.08
56.927,53.316,-128.87
-111.52,399.43,-99.351
-124.85,429.66,-92.208
-46.852,277.81,-116.12
-173.83,455.06,-45.047
-122.12,362.4,-61.159
27.247,168.34,-88.479
16.228,97.197,-116.84
-103.17,394.84,-60.35
-76.13,333.51,-109.37
83.537,63.651,-97.318
69.916,84.204,-117.03
-40.508,197.84,-92.423
-79.444,292.63,-111.32
-16.419,181.03,-121.86
-76.504,364.17,-81.863
-96.445,394.79,-69.229
62.848,75.878,-81.475
-10.791,246.55,-93.661
18.338,84.591,-107.65
12.239,121.75,-123.47
24.689,180.28,-99.568
-83.745,370.54,-94.516
-125.82,445.99,-78.934
-170.98,469.86,-89.946
-44.723,258.9,-118.99
-3.7524,233.76,-97.609
87.142,53.33,-93.733
46.431,34.413,-115.78
-46.444,208.13,-93.622
19.279,120.46,-126.18
-46.507,254.13,-119.12
-141.03,376.4,-74.669
36.777,68.256,-84.238
-40.862,200.48,-106.43
-62.925,245.76,-107.39
-66.896,251.78,-105.82
-146.95,393.14,-62.91
-74.898,273.03,-74.801
66.225,85.225,-120.67
26.135,91.744,-82.697
-22.246,221.35,-72.253
-140.72,382.09,-64.956
-17.969,173.33,-118.94
-167.64,437.1,-50.6
-92.767,392.35,-79.344
-105.5,382.07,-103.34
10.94,174.27,-123.23
-73.419,320.56,-63.33
-143.91,465.11,-84.95
-101.44,307.55,-84.138
-38.301,204.37,-113.47
-73.726,354.88,-94.904
86.439,55.284,-94.249
-61.914,285.82,-66.119
-8.5571,152.8,-118.9
-70.741,281.55,-113.8
-136.63,387.2,-97.026
65.097,45.8,-79.522
-3.1984,210.28,-118.8
-53.546,323.93,-89.303
54.741,119.44,-110.77
-61.116,235.81,-100.21
47.061,107.8,-80.813
-113.71,355.6,-104.42
-79.03,286.88,-110.12
-127.59,434.55,-91.317
-29.064,191.32,-116.58
-122.91,415.36,-52.136
-42.847,227.57,-74.302
-99.962,330.85,-63.326
32.926,164.49,-102.23
-167.36,465.22,-90.852
64.458,59.702,-79.774
-36.346,292.8,-88.42
-107.34,374.26,-105.46
-143.56,464.93,-50.166
-163.02,460.98,-91.768
80.271,65.651,-92.366
28.637,169.48,-109.44
-160.31,413.08,-62.267
-4.8277,153.28,-79.871
-58.442,324.66,-74.574
51.262,53.71,-127.41
43.462,37.581,-96.08
-145.49,384.43,-72.231
-123.83,441.28,-81.493
-69.474,254.42,-103.56
-139.99,452.48,-89.499
-65.565,308.68,-113.22
-132.48,364.3,-88.788
-71.692,277.91,-70.182
-40.622,224.39,-118.41
3.7981,204.08,-81.061
6.5456,113.08,-114.02
52.537,53.83,-80.58
-131.22,364.23,-91.327
-152.71,446.31,-94.295
-134.74,365.52,-76.669
-174.05,437.81,-80.742
-96.536,363.14,-58.24
28.25,151.45,-81.326
-1.824,223.42,-85.371
42.917,41.206,-93.278
75.255,68.167,-120.77
-73.532,277.47,-71.409
34.63,93.393,-78.943
27.879,111.94,-77.91
-60.883,254.4,-113.47
-70.316,348.13,-74.033
-72.943,268.95,-75.509
61.999,107.61,-99.731
-11.926,194.19,-73.866
-119.75,384.65,-103.69
-120.37,439.28,-72.592
-80.912,338.95,-109.21
-94.202,393.71,-84.476
-56.696,285.33,-66.597
-42.149,270.17,-116.73
2.6333,207.27,-81.353
-130.85,427.06,-96.156
-32.859,281.21,-81.261
37.535,90.848,-127.83
-122.73,440.91,-64.178
58.664,78.167,-80.244
-9.4577,160.55,-120.88
-153.99,399.88,-67.766
-57.529,228.28,-93.249
-151.8,489.88,-71.392
43.984,126.89,-84.623
-53.213,320.67,-80.603
-170.2,509.21,-42.551
46.285,81.326,-128.54
85.45,54.249,-117.43
-58.547,309.55,-110.47
-148.59,473.16,-83.526
26.696,94.724,-124.68
-118.97,407.71,-99.061
10.406,168.1,-124.65
-144.89,475.81,-76.846
-6.8197,159.26,-122.11
-35.43,258.11,-70.88
12.411,199.34,-109.03
-80.971,291.3,-69.747
27.285,105.82,-126.8
9.0746,127.68,-80.658
38.182,58.755,-87.348
-32.995,217.48,-73.465
-114.36,331.81,-91.524
-142.06,377.67,-77.572
33.288,133.14,-79.611
40.651,56.601,-121.96
-177.1,441.46,-78.574
-187.96,456.16,-60.595
-129.15,431.71,-51.405
-93.737,383.01,-64.633
-98.297,370.8,-104.75
-54.471,294.44,-113.94
-61.208,249.01,-76.775
-103.59,395.7,-96.532
-59.107,232.1,-90.026
-146.4,397.33,-58.882
-72.129,308.11,-63.781
-62.514,237.4,-92.519
78.541,62.497,-88.078
-155.89,407.46,-61.349
-51.335,224.11,-83.153
-99.185,372.93,-104.34
43.048,60.453,-82.994
-17.396,225.12,-120.5
-121.4,440.31,-76.281
-71.171,253.57,-97.16
-116.75,412.05,-55.04
-0.79178,221.89,-85.821
-61.525,248.13,-110.5
-22.482,166.81,-109.62
-172.55,507.76,-40.109
28.813,63.525,-106.6
6.4098,193.15,-119.56
44.051,63.455,-81.648
-66.275,320.2,-66.095
-90.471,288.93,-84.049
70.948,89.778,-107.93
-180.94,495.29,-86.222
-45.015,230.45,-74.354
41.58,121.13,-81.074
-162.78,508.53,-53.446
25.396,73.685,-112.66
-44.212,218.05,-79.33
-172.72,509.2,-40.386
-133.49,382.22,-58.162
-29.892,266.33,-76.192
-145.21,415.05,-97.033
-141.59,465.05,-82.811
-150.85,477.71,-82.385
80.577,69.936,-97.927
-73.992,287.14,-113.15
-48.664,314.97,-86.579
-151.98,424.54,-95.031
-98.602,402.19,-79.932
-138.83,373.1,-83.651
45.471,85.353,-128.48
-202.88,480.35,-62.198
-162.66,488.65,-84.137
-13.774,153.77,-113.57
13.201,127.01,-125.02
-129.92,367.97,-63.995
-95.255,312.74,-68.756
-29.68,267.98,-110.64
-110.39,340.44,-64.789
-163.75,461.38,-41.353
-3.5853,223.74,-83.084
-172.5,430.76,-63.46
-14.318,252.71,-99.105
36.623,51.974,-113.61
23.767,121.94,-127.17
-45.647,206.15,-96.455
-119.67,426.4,-57.503
-26.588,248.95,-73.395
82.409,60.728,-116.82
-87.976,315.68,-64.007
-144.37,469.85,-81.939
-104.92,333.64,-105.01
32.276,118.42,-77.738
43.037,61.378,-125.24
-91.675,384.56,-68.472
77.122,49.362,-82.517
-153.1,421.46,-50.226
-203.37,481.14,-61.139
-165.52,515.08,-61.689
40.438,101.58,-78.221
-42.167,269.01,-117.02
31.116,167.22,-105.25
-126.58,389.56,-53.152
-121.33,378.25,-103.45
-27.342,273.18,-103.06
-183.48,450.1,-74.305
-122.53,344.17,-84.599
-78.513,357.45,-68.685
23.12,169.11,-117.67
73.224,63.01,-83.886
24.58,179.31,-95.148
-71.311,302.18,-114.49
-89.827,349.03,-59.724
-170.18,425.49,-72.459
-126.67,377.58,-56.797
-64.419,287.12,-66.012
-69.966,349.09,-75.686
-69.202,257.4,-106.49
-23.877,183.22,-117.83
21.519,177.85,-113.88
56.136,112.26,-90.496
48.67,123.74,-117.26
-69.651,344.67,-98.958
-38.023,203.98,-113.57
-108.7,417.09,-67.833
82.042,59.242,-90.332
-32.962,182.5,-97.417
37.396,121.31,-79.236
-179.71,448.51,-80.088
-80.851,271.59,-86.177
31.813,122.21,-77.835
38.141,76.689,-80.945
-99.235,394.69,-93.064
-127.1,439.03,-88.054
-37.731,214.26,-76.434
13.658,196.17,-88.809
-78.897,266.99,-93.335
-17.274,255.05,-86.042
8.4357,145.22,-76.979
-41.259,301.56,-94.394
-68.385,255.09,-80.521
-86.448,280.56,-88.957
-72.318,356.96,-84.771
31.098,62.251,-95.001
-40.125,212.81,-78.682
-68.653,311.8,-113.12
-91.945,311.3,-67.277
-167.27,434.32,-87.172
44.598,139.62,-109.44
-44.808,279.73,-69.892
16.553,183.46,-84.104
40.185,70.86,-126
-121.46,407.46,-99.811
-136.76,443.65,-91.987
-172.92,430.28,-66.762
-13.039,231.75,-77.464
-2.672,219.06,-114.16
-45.97,269.63,-117.66
12.915,178.87,-120.96
-193.14,467.14,-72.696
-60.634,233.8,-96.103
-107.76,414.28,-66.531
-100.59,393.38,-62.234
58.866,41.362,-80.896
-162.22,443.36,-92.349
64.503,67.825,-80.707
-137.88,387.43,-58.245
-121.27,394.69,-102.52
-184.31,468.88,-43.905
-157.25,493.59,-76.538
-11.367,197.12,-73.739
-199.01,495.35,-80.71
-82.745,355.57,-63.986
-64.145,342.16,-89.717
-111,389.99,-102.4
-154.98,423.28,-93.319
-85.55,364.64,-100.92
-127.49,437.12,-54.292
-1.2222,226,-89.093
66.436,57.726,-80.034
-14.293,185.76,-75.18
-135.75,369.41,-71.384
-76.601,266.27,-101.18
-36.344,210.37,-77.146
-153.42,471.91,-87.263
-145.75,475.63,-53.57
-116.39,387.42,-103.6
-158.99,406.59,-71.678
-160.62,501.08,-49.807
-129.86,360.01,-71.739
-38.282,198.31,-86.45
-9.5044,211.46,-121.3
-139.75,432.11,-47.04
24.775,97.679,-81.562
-148.69,389.75,-80.639
-130.25,442.31,-53.748
55.415,113.61,-90.405
-29.604,218.12,-92.247
-27.201,304.04,-105.02
-71.94,395.8,-76.796
-53.815,353.13,-98.36
80.832,68.49,-76.439
-87.785,392.56,-99.751
-25.261,212.7,-102.44
-17.345,287.76,-73.722
-77.484,379.18,-100.74
-76.892,399.14,-65.34
-79.69,337.49,-60.009
-39.72,322.43,-67.198
28.748,113.61,-111.64
51.894,160.32,-83.642
89.834,93.043,-91.332
12.345,166.25,-75.717
66.439,79.796,-76.011
103.61,69.968,-101.17
-86.832,373.88,-53.507
-165.15,471.02,-80.422
-30.006,252.08,-68.47
-128.19,393.1,-72.657
-57.542,361.17,-66.706
-60.518,277.97,-79.662
-157.61,500.57,-34.125
-156.21,479.78,-36.862
5.3964,153.67,-104.18
59.745,91.001,-75.847
66.435,129.69,-115.8
31.481,198.17,-81.077
-143.84,438.97,-47.409
-163.29,499.57,-33.445
-177.78,477.28,-56.543
45.337,89.532,-83.021
15.649,232.87,-82.435
70.591,46.25,-81.611
-55.193,305.06,-62.275
-36.092,291.08,-64.055
67.522,133.31,-86.97
76.287,108.88,-117.21
-133.62,499.82,-63.66
94.028,87.366,-106.51
9.3535,236.99,-111.17
-125.43,400.12,-89.647
74.772,116.58,-114.36
50.88,65.938,-108.4
36.771,198.02,-103.13
101.66,72.243,-107.13
-62.927,363.15,-99.966
38.343,96.624,-113.52
-13.982,246.65,-117.7
-180.76,482.04,-62.463
18.256,194.19,-72.223
-86.463,403.14,-56.269
-114.54,372.62,-85.666
-188.23,495.7,-63.361
41.451,97.825,-117.66
-167.49,460.92,-69.298
-115.26,457.51,-50.747
62.939,91.578,-75.491
-118.92,392.83,-92.933
56.204,152.15,-84.068
-25.251,312.69,-92.952
-12.296,205,-75.884
47.518,70.323,-103.53
61.681,146.27,-87.898
81.917,112.57,-100.34
44.327,121.37,-124.11
44.075,169.77,-115.84
33.781,204.26,-91.196
-9.1348,247,-68.78
-121.52,479.77,-62.629
-38.166,284.51,-64.09
-182.38,498.76,-39.583
-46.344,261.96,-107.21
-0.12027,163.77,-91.984
-97.75,434.32,-59.602
-21.27,247.16,-67.687
-170.04,504.04,-32.797
-26.147,224.44,-77.313
-33.812,299.42,-110.98
-146.52,446.9,-87.574
61.149,50.437,-113.67
-61.345,291.53,-105.6
-71.91,328.69,-107.53
94.372,86.696,-106.51
91.777,62.304,-78.879
45.235,80.912,-88.752
-103.02,358.52,-93.518
-63.208,352.1,-59.446
25.638,219.02,-89.149
-93.054,340.97,-67.526
-152.5,505.67,-36.281
13.802,241.55,-88.45
8.9705,175.29,-74.649
-36.859,261.12,-113.58
-83.267,359.67,-55.325
-2.7114,257.47,-110.4
94.661,82.527,-111.38
-75.169,393.37,-63.57
-119.44,471.12,-53.864
-109.21,458.85,-64.675
-4.4557,179.97,-110.64
-20.11,216.28,-76.44
-103.98,384.66,-52.722
55.398,157.44,-86.593
-131.19,431.84,-45.303
-172.81,468.51,-59.809
-7.0882,239.28,-68.874
-97.803,385.63,-101.73
-120.95,476.05,-72.937
7.2065,254.18,-88.508
-82.526,313.93,-86.62
49.425,162.71,-114.57
61.342,61.145,-82.458
-52.494,263.09,-81.631
44.023,136.91,-123.96
-113.46,463.84,-74.358
25.95,121.88,-113.46
51.998,163.95,-86.286
-55.866,350.84,-101.52
-56.699,318.31,-60.459
4.1901,257.04,-83.655
-138.11,424.38,-87.477
-54.428,274.95,-104.98
67.314,95.719,-75.78
-27.299,280.84,-113.93
-104.19,367.43,-96.562
-53.698,363.78,-84.698
-21.686,236,-116.35
-132.64,444.47,-92.582
-72.248,367.69,-57.359
-83.388,357.05,-105.29
-124.24,396.76,-58.326
-191.52,500.72,-61.302
-40.438,329.67,-69.613
-77.615,318.9,-67.269
-114.75,463.88,-55.774
53.732,167.24,-96.657
-54.709,278.1,-71.733
-149.75,508.55,-78.248
-1.7151,210.65,-119.95
-0.047156,215.03,-120.07
50.199,138.18,-122.65
72.663,79.307,-75.865
21.189,225.96,-103.55
-61.251,361.45,-99.67
-94.086,423.96,-87.561
-160.48,448.27,-61.115
-177.41,476.68,-64.363
-44.664,251.89,-103.13
-3.3247,168.76,-99.041
-26.139,293.91,-68.509
36.532,197.82,-89.359
-51.309,319.51,-61.123
58.659,144.3,-115.57
-77.518,313.45,-71.051
12.151,141.7,-90.547
42.508,151.98,-122.3
63.049,140.99,-85.93
78.922,51.356,-77.044
71.517,68.785,-76.365
-145.94,517.14,-47.966
43.221,154.83,-121.47
-143.83,515,-50.346
85.783,91.271,-84.171
-21.398,205.7,-86.632
-161.44,495.91,-34.038
24.32,223.18,-96.523
61.798,71.413,-122.98
40.242,126.56,-74.978
-33.494,328.31,-83.108
-110.17,405.27,-98.673
-44.247,345.16,-91.499
60.108,123.9,-77.075
54.838,150.31,-81.633
102.44,72.177,-99.792
-66.243,342.64,-57.988
-154.86,478.31,-37.058
55.734,156.13,-111.24
-36.697,306.07,-65.083
-103.46,361,-63.583
-140.37,510.81,-63.077
-137.32,498.39,-74.368
-107.02,427.29,-94.131
60.825,79.694,-124.09
81.6,98.525,-117.47
-67.968,356.79,-57.953
16.539,134.59,-108.29
-88.854,327.41,-75.378
2.554,213.84,-120.17
53.057,165.11,-89.449
27.88,115.11,-87.495
-18.97,206.16,-108.18
-139.46,418.2,-58.212
41.006,170.37,-117.88
-97.33,358.49,-60.041
73.639,125.72,-107.96
-3.0309,212.45,-70.397
-57.83,309.41,-61.82
56.627,160.49,-103.94
-89.34,381.55,-102.64
-14.281,276.23,-109.75
-23.996,207.62,-95.859
-174.47,474.25,-52.138
-40.309,326.14,-103.25
-135.73,406.17,-69.113
-105.99,441.17,-86.588
70.693,88.401,-125.25
-73.72,298.29,-84.595
-147.65,466.17,-39.073
-92.569,337.96,-94.253
-110.03,361.93,-79.769
-3.6399,193.12,-116.89
-184.72,488.48,-60.088
-78.527,376.88,-101.91
-90.557,409.8,-55.116
-67.66,381.87,-66.45
-126.95,464.41,-43.653
-93.591,333.47,-79.998
-18.982,216.63,-113.39
-154.52,468.2,-39.76
-112.46,366.63,-74.113
-50.125,260.04,-100.57
58.652,154.38,-89.974
50.736,126.13,-74.704
-101.69,446.44,-69.877
-37.889,234.06,-88.475
-115.86,435.51,-45.695
10.373,195.99,-121.28
-49.547,295.99,-63.178
-37.5,232.98,-89.724
-68.391,380.68,-64.576
22.117,226.22,-89.88
57.042,71.66,-120.21
59.542,104.53,-125.06
-87.586,372.94,-53.537
44.242,78.551,-93.63
70.225,90.355,-125.12
-24.481,246.05,-116.45
57.5,151.68,-85.485
-151.86,512.88,-77.247
-137.97,446.13,-91.315
23.216,220.63,-85.098
-53.063,299.82,-111.63
-84.998,412.92,-85.738
-138.96,505.5,-50.003
-117.82,378.51,-85.163
-115.48,410.14,-97.395
-123.58,482.79,-59.831
44.183,165.25,-78.6
-76.385,367.52,-55.746
-182.67,492.07,-71.287
-19.99,296.97,-102.03
-83.647,413.13,-82.767
-78.288,310.77,-95.5
-133.71,461.74,-89.965
-78.612,404.9,-68.115
-156.62,471.87,-85.878
-39.208,326.76,-101.85
-7.3593,201.31,-74.318
8.7944,197.32,-121.16
-151.95,439.69,-54.351
74.85,94.255,-77.769
-21.506,285.96,-110.05
-45.525,317.31,-109.61
-143.71,504.88,-42.624
-32.893,325.93,-79.789
-23.906,260.27,-66.423
-61.178,311.16,-62.082
-89.37,354.4,-57.821
-8.3057,203.62,-74.02
-112.13,452.46,-51.719
16.831,202.47,-119.6
-64.978,323.39,-109.31
-60.577,298.63,-65.805
-169.61,510.75,-81.949
-29.477,252.65,-68.177
68.529,97.889,-124.52
10.9,156.99,-115.45
-145.67,503.73,-78.259
-45.693,347.71,-91.185
-21.335,222.73,-74.29
88.792,67.94,-123.69
-81.026,365.31,-54.777
-133.13,499.33,-60.179
-94.603,357.96,-58.723
-89.364,333.07,-95.513
19.327,188.71,-121.42
77.517,72.275,-76.16
63.041,149.34,-99.811
-113.59,376.15,-62.998
-64.654,308.9,-63.881
2.2084,226.49,-118.51
-146.7,428.15,-58.96
53.247,99.689,-75.992
-77.346,306.85,-78.187
67.997,127.32,-115.52
69.986,51.442,-80.236
-28.568,245.37,-69.834
17.823,128,-98.177
-50.069,259.99,-80.386
-146.45,513.08,-72.416
-10.763,226.38,-118.74
-70.867,361.75,-57.283
86.319,73.08,-78.618
-189.49,503.18,-69.13
-112.33,464.4,-66.377
75.581,50.308,-124.77
79.354,63.608,-76.204
-66.148,296.6,-70.844
-88.206,323.99,-81.287
-17.457,206.43,-110.32
-34.015,233.2,-105.46
24.375,174.24,-72.552
26.658,148.9,-74.584
-117.39,439.41,-93.094
-128.06,426.12,-93.91
-13.771,290.05,-81.029
74.275,107.51,-119.5
-126.17,443.79,-93.117
-130.11,396.63,-70.593
102.2,64.448,-88.208
66.024,115.34,-121.8
41.012,102.46,-80.769
-84.463,327.99,-67.804
-141.89,512.62,-64.575
-19.788,236.57,-117.08
10.863,149.38,-85.092
-68.309,319.14,-107.94
58.374,49.051,-98.237
-75.359,331.64,-106.47
-118.14,433.13,-94.754
56.406,55.797,-92.63
-153.08,505.26,-35.932
-95.811,400.79,-50.973
-18.818,253.53,-67.108
-98.02,382.37,-52.282
-2.8808,252.87,-112.71
-51.321,297.51,-63.152
4.8196,230.36,-116.75
51.809,95.456,-123.31
-27.9,286.57,-112.69
-96.259,337.94,-81.121
-151.07,472.57,-87.629
-24.226,214,-82.782
-174.83,480.55,-74.561
-118.86,473.32,-57.739
54.737,72.553,-82.82
17.342,234.86,-100.23
-27.665,215.72,-99.759
-176.48,476.3,-67.284
-42.236,250.7,-77.084
2.0739,254.81,-78.279
-81.472,374.93,-54.491
-95.3,429.68,-59.843
73.908,104.42,-79.673
-158.11,475.4,-38.38
38.485,87.732,-99.417
15.303,132.85,-98.8
-87.935,377.41,-103.25
-66.716,355.67,-104.85
-144.74,518.42,-54.137
-128.27,472.57,-84.17
-179.91,480.85,-63.57
-152.82,468.5,-87.126
-145.86,443.56,-46.257
-118.92,381.49,-86.115
-44.639,322.95,-64.005
56.323,60.018,-88.581
-30.79,312.66,-71.616
58.518,131.23,-120.98
-55.681,276.5,-104.37
60.271,66.887,-80.974
75.262,122.4,-108.26
33.152,109.38,-84.516
-148.83,449.74,-44.872
-163.73,460.07,-76.433
-36.584,325.46,-71.93
80.489,105.41,-114.66
-190.1,500.95,-47.206
-142.17,457.01,-40.585
-165.8,467.6,-46.467
6.7039,180.22,-119.47
-14.475,268.96,-112.88
-31.693,254.56,-114.84
-74.335,376.08,-57.669
44.273,83.606,-112.82
23.556,152.38,-74.806
-108.08,361.99,-69.373
-41.591,58.641,-99.739
-67.166,126.24,-116.86
-207.16,319.49,-73.175
-60.205,85.449,-140.87
-7.5988,13.722,-129.32
-234.85,419.3,-103.93
-134.44,252.15,-108.6
-47.27,0.67494,-138.26
-169.86,308.34,-84.869
-56.992,88.097,-99.319
-35.138,66.686,-123.4
-131.25,147.48,-101.86
-44.98,61.767,-98.592
-187.07,260.23,-86.665
-147.13,173.72,-102.98
-100.55,155.08,-138.59
-248.42,403.24,-59.234
-273.37,412.4,-85.362
-171.57,219.23,-117.88
-36.114,46.498,-140.47
-114.16,151.16,-90.553
-213.58,401.67,-78.327
-123.07,153.73,-137.19
-20.854,31.558,-134.74
-24.502,2.8827,-95.947
-52.871,-2.0608,-128.05
-208.92,303.29,-116.82
-131.04,224,-89.727
-257.05,409.15,-104.5
-116.22,170.4,-138.97
-203.22,275.7,-103.08
-34.007,62.183,-111.17
-227.93,328.55,-83.637
-69.649,72.774,-94.094
-73.497,66.912,-142.4
-156.85,232.32,-132.93
-228.1,327.21,-103.87
-9.7953,7.1467,-137.69
-175.59,265.67,-79.744
-99.027,126.04,-141.54
-78.042,131.21,-99.383
-60.763,71.671,-143.66
-174.54,224.8,-98.794
-111.69,114.45,-101.59
-18.818,11.727,-142.15
-174.1,305.12,-79.928
-201.64,380.55,-85.889
-168.39,307.1,-86.059
-151.8,237.19,-132.95
-227.56,374.88,-63.603
-177.93,284.58,-127.43
-124.18,208.82,-132.24
-163.55,265.36,-129.48
-217,384.46,-66.633
-170.76,314.26,-112.24
-169.22,299.56,-82.159
-205.85,284.07,-92.136
-202.76,379.01,-80.071
-141.97,160.15,-116.93
-73.938,34.316,-117.21
-103.51,184.76,-127.67
-167.35,298.04,-83.275
-228.31,398.41,-109.04
-252.67,372.9,-93.666
-85.272,57.11,-126.42
-37.888,55.811,-137.95
-94.829,139.75,-140.23
-254.47,374.7,-85.476
-257.84,447,-101.64
-96.516,115.36,-141.47
-98.517,181.92,-106.18
-26.343,49.577,-126.14
-233.1,398.58,-60.568
-172.07,251.42,-82.261
-222.85,313.83,-93.318
-154.89,258.1,-82.875
-150.18,275.47,-116.77
-89.626,71.302,-132.35
-82.175,153.73,-113.09
-144.36,204.89,-135.2
-106.51,181.1,-94.774
-181.4,338.37,-105.37
-137.78,154.48,-122.01
-26.643,51.329,-116.66
-274.55,414.19,-76.81
-97.031,164.97,-133.23
-238.94,401.46,-59.292
-46.373,-4.6009,-104.8
-264.59,466.29,-97.819
-176.48,240.22,-124.26
-228.19,327.12,-103.55
-205.19,375.19,-106.5
-98.474,89.517,-133.01
-185.89,243.01,-109.04
-68.132,112.64,-100.13
-147.07,207.06,-86.559
-104.57,163.92,-91.792
-236.1,447.92,-81.173
-221.48,369.71,-64.762
-239.7,367.87,-109.03
-26.998,45.556,-107.6
-270.45,416.17,-65.429
-239.87,366.77,-69.304
-75.722,118.14,-138.48
-185.91,244.97,-113.06
-128.77,219.21,-130.75
-183.14,345.33,-96.462
-131.41,140.8,-111.04
-63.451,31.898,-101.39
-142.19,219.76,-134.7
-108.2,110.4,-133.81
-67.319,54.628,-142.57
-88.049,101.58,-142.32
-96.983,181.61,-115.1
-246.5,467.37,-69.949
-177.69,271.59,-128.4
-277.99,421.15,-74.844
-158.37,296.9,-97.662
-227.16,409.96,-64.353
-182,298.49,-75.95
-216.5,409.88,-87.113
-196.6,303.49,-74.994
-66.262,34.066,-136.86
-200.14,300.94,-122.19
-252.75,372.53,-81.933
-136.72,186.88,-136.24
-175.69,302.4,-122.8
-81.214,65.511,-137.9
-183.95,294.77,-75.862
-80.87,149.94,-109.81
-11.278,11.897,-104.86
-213.42,330.94,-118.85
-218.07,392.93,-106.6
-169.44,316.19,-91.511
-262.9,408.78,-63.191
-106.75,188.35,-97.66
-240.87,426.01,-103.83
-183.92,320.84,-76.684
-43.636,-1.3586,-100.91
-44.034,2.1631,-99.873
-217.78,406.35,-73.6
-47.333,9.5692,-141.48
-84.578,53.86,-121.9
-57.132,43.327,-144.02
-65.644,116.96,-129.76
-61.748,26.892,-102.36
-211.28,342.17,-68.86
-233.38,335.92,-86.188
-100.07,180.47,-101.57
-122.39,139.08,-97.695
-124.23,126.72,-115.53
-154.43,289.79,-106.31
-195.93,343.74,-73.211
-183.98,346.83,-97.155
-213.28,395.34,-73.592
-191.51,325.68,-73.508
-8.6566,18.792,-121.96
-156.18,281.94,-88.147
-213.29,394.29,-72.978
-218.13,411.17,-91.519
-263.79,402.5,-68.206
-93.261,124.79,-91.902
-217.84,337.16,-70.934
-170.47,292.2,-124.19
-158.94,236.92,-132.5
-99.522,174.66,-130.06
-233.73,436.5,-92.557
-208.24,394.02,-87.115
-200.97,336.44,-119.96
-21.791,38.783,-129.87
-54.901,28.049,-142.36
-256.96,446.25,-101.7
-53.353,94.273,-130.69
-147.7,254.73,-127.16
-249.51,418.03,-106.65
-212.33,293.93,-95.142
-83.818,54.535,-111.74
-102.4,119.61,-140.18
-221.72,416.3,-93.094
-205.31,344.66,-69.4
-50.432,82.458,-102.51
-252.94,410.87,-58.039
-169.15,318.06,-96.373
-30.342,-1.2215,-145.41
-249.82,399.97,-107.28
-116.15,168.66,-139.14
-281.67,427.79,-80.181
-130.49,228.14,-127.78
-232.25,332.22,-89.748
-60.499,88.008,-97.107
-153.07,251.27,-82.971
-113.45,210.94,-117.7
-112.97,115.35,-102.48
-143.2,166.59,-123.57
-101.27,86.913,-110.19
-215.14,400.4,-73.905
-80.808,47.616,-124.18
-204.77,375.92,-105.56
-246.03,458.54,-90.136
-31.536,25.76,-96.685
-26.988,32.61,-139.8
-163.44,294.32,-85.696
-105.32,196.45,-108.44
-28.451,54.853,-122.12
-57.003,68,-94.99
-102.5,90.344,-108.54
-40.12,76.2,-121.74
-46.376,6.7994,-141.21
-276.39,421.25,-88.556
-75.511,76.119,-94.574
-214.72,353.25,-117.55
-117.28,115.21,-122.45
-43.211,-14.934,-108.13
-190.19,358.24,-97.572
-96.818,181.34,-114.59
-65.601,42.08,-140.47
-62.631,19.788,-108.06
-221.74,365.9,-115.5
-93.777,146.71,-93.598
-226.83,372.06,-64.053
-50.312,64.861,-96.69
-111.03,176.59,-91.002
-140.05,157.18,-118.95
-42.909,37.585,-95.295
-200.45,378.83,-91.25
-246.3,395.45,-108.53
-248.18,385.23,-65.489
-185.22,345.7,-86.1
-221.54,346.53,-69.143
-242.83,458.5,-84.545
-42.559,-9.552,-103.8
-233.57,396.23,-60.591
-86.765,155.7,-128.06
-164.24,233.41,-84.803
-25.637,49.854,-118.62
-173.2,317.14,-113.13
-168.64,216.53,-121.04
-63.47,37.064,-140.22
-220.49,404.11,-68.7
-225.27,351.17,-68.785
-10.439,21.055,-115.49
-175.9,232.78,-121.3
-209.14,395.49,-89.88
-166.59,256.75,-80.52
-106.01,130.89,-92.31
-224.75,348.15,-69.614
-53.829,20.66,-141
-209.53,288.07,-97.498
-147.13,197.11,-89.272
-30.92,8.0524,-95.577
-52.743,3.3682,-107.07
-62.415,14.167,-114.84
-193.1,264.4,-116.8
-112.17,110.57,-128.85
-255.62,453.09,-53.164
-153.3,207.43,-131.95
-179.4,231.46,-112.5
-178.15,281.48,-77.523
-191.17,252.84,-106.87
-256.59,442.96,-52.807
-251.14,378.93,-101.63
-246.07,466.78,-70.63
-256.07,459.87,-97.164
-137.78,199.96,-86.467
-51.329,84.007,-135.43
-64.917,83.536,-94.629
-147.42,209.4,-134.59
-240.16,442.11,-95.748
-129.24,139.26,-124
-93.651,156.99,-134.44
-284.43,445.74,-91.462
-23.2,0.37218,-95.988
-182.72,237.01,-103.36
-137.7,187.39,-88.62
-93.968,74.583,-109.22
-248.54,373.7,-102.38
-227.03,355.53,-114.64
-48.927,35.209,-144.81
-216.4,347.32,-117.92
-83.251,72.182,-98.716
-53.906,28.004,-142.78
-98.609,183.46,-119.25
-118.33,221.22,-107.18
-208.55,295.95,-114.09
-189.36,272.64,-123.68
-223.13,416.88,-71.925
-74.998,134.45,-128.77
-161.93,230.67,-84.814
-212.54,387.12,-70.745
-72.546,94.226,-142.82
-227.01,383.83,-112.54
-246.63,399.1,-108.45
-105,91.968,-113.37
-44.07,8.0389,-142.74
-258.46,453.13,-52.032
-158.69,248.72,-131.72
-263.68,396.66,-73.754
-117.47,214.48,-99.943
-181.47,334.78,-84.063
-246.51,373.3,-104.58
-231.99,357.08,-69.277
-39.928,29.227,-144.99
-127.91,155.66,-134.92
-80.192,57.193,-134.93
-229.8,341.07,-75.909
-97.625,163.03,-95.478
-64.701,82.684,-94.596
-186.03,312.57,-74.912
-58.658,77.986,-142.11
-56.226,101.96,-108.66
-150.68,245.16,-83.373
-170.56,273.24,-78.891
-97.638,177.32,-125.42
-233.32,383.1,-62.213
-269.11,412.99,-95.206
-132.41,146.48,-125.08
-274.3,413.4,-78.306
-265.69,450.71,-50.741
-38.713,55.539,-138.7
-190.15,281.12,-124.67
-206.82,370.07,-110.71
-266.44,400.69,-74.685
-57.246,79.112,-141.29
-135.7,252.69,-100.8
-228.48,337.6,-109.96
-200.61,271.21,-98.904
-129.24,199.85,-136.3
-206.32,293.68,-115.69
-30.818,50.08,-134.13
-214.79,298.67,-94.391
-214.6,369.41,-66.531
-182.96,249.87,-121.73
-165.61,225.17,-128.31
-216.38,316.93,-114.51
-118.52,132.8,-134.23
-81.432,113.89,-141.67
-137.92,155.15,-106.02
-224.57,322.62,-106.93
-195.44,299.03,-75.838
-67.615,38.959,-137.92
-116.55,114.25,-123.27
-252.36,467.67,-58.718
-231.42,330.22,-91.351
-51.464,30.048,-143.94
-87.703,163.7,-111.35
-189.93,282.22,-78.996
-43.937,71.8,-135.04
-230.25,417.61,-63.722
-228.26,429.5,-72.575
-86.354,133.02,-139.01
-73.373,47.875,-101.99
-125.95,160.02,-91.743
-272.58,439.02,-99.275
-180.73,315.56,-77.708
-109.55,116.49,-135.28
-233.13,440.26,-86.745
-159.91,194.47,-115.89
-55.405,10.937,-105.07
-179.41,292.55,-126.28
-17.007,14.318,-100.97
-173.68,246.41,-127.98
-242.17,359.95,-103.72
-76.859,90.587,-93.366
-43.725,-3.1383,-139.53
-143.21,265.55,-97.263
-139.79,240.28,-128.56
-230.36,431.99,-70.341
-237.88,349.4,-103.68
-127.59,172.41,-89.353
-13.081,24.356,-128.26
-130.12,146.94,-100.77
-251.04,395.81,-106.31
-202.44,368.16,-74.197
-208.02,288.72,-90.933
-31.186,17.824,-95.873
-87.56,159.34,-125.85
-79.179,51.388,-106.22
-279.29,426.86,-87.533
-187.12,250.21,-94.351
-142.11,160.07,-114.85
-207.74,316.36,-74.285
-198.57,294.13,-78.362
-175.52,247.35,-127.08
-84.904,134.12,-95.402
-122,163.72,-89.84
-171.16,281.8,-78.66
-34.816,66.012,-115.38
-112.66,105.59,-120.04
-179.43,231.34,-112.1
-192.5,260.8,-92.759
-208.62,416.92,-77.451
-112.04,159.94,-144.62
-158.73,235.47,-131.11
-70.517,108.51,-152.99
-145.45,301.07,-98.928
-247.38,437.36,-113.56
-177.48,264.3,-119.26
-100.21,179.17,-99.633
-186.37,388,-95.576
-92.494,114.03,-142.33
-110.9,221.1,-100.6
-164.19,322.72,-130.15
-192.2,314.42,-88.243
-180.1,273.17,-103.42
-268.66,446,-98.469
-18.88,18.232,-155.74
-34.622,99.29,-120.84
-250.69,422.06,-72.858
-230.03,369.44,-110.14
-260.3,461.47,-61.285
-121.68,179.9,-103.43
-39.003,83.33,-151.26
-135.2,238.36,-93.89
-197.71,309.95,-95.92
-238.54,400.82,-114.35
-90.459,202.62,-114.71
-209.49,419.4,-111.62
-79.478,184.28,-129.55
-127.64,246.96,-140.92
-149.09,213.14,-129.36
-34.142,2.2864,-119.94
-118.78,248.31,-103.69
-2.6292,9.3836,-154.58
-112.16,195.2,-148.07
-35.535,102.71,-134.23
-229.77,386.2,-117.78
-231.89,457.19,-68.248
-34.499,25.852,-108.34
-148.17,292.06,-92.911
-149.76,317.74,-114.44
-36.028,89.554,-146.93
-172.69,325.65,-84.868
-86.037,187.78,-109.85
-141.91,210.26,-103.83
-100.7,198.27,-144.97
-117.22,150.22,-122.49
-13.347,29.398,-154.06
-162.19,237.21,-109.81
-211.79,331.15,-112.3
-70.599,64.335,-133.24
-35.561,-0.36626,-129.93
-128.97,171.9,-122.28
-225.17,415,-68.947
-9.7874,14.079,-106.38
-121.1,183.44,-101.8
-235.9,376.43,-101.72
-73.565,109.43,-152.48
-170.89,355.62,-114.02
-103.6,213.31,-103.65
-140.03,294.42,-124.55
-86.188,95.156,-120.36
-127.47,172.37,-115.12
-32.707,6.5289,-146.9
-201.27,353.35,-128.4
-212.31,385.01,-124.07
-141.13,229.15,-142.94
-229.49,426.77,-67.253
-183.54,330.95,-82.289
-50.124,129.93,-132.34
-65.27,54.231,-127.12
-172.02,360.84,-101.93
-168.91,285.72,-137.19
5.2781,24.747,-140.93
-19.686,38.772,-154.22
-111.78,160.53,-105.17
-167.13,246.58,-124.91
-106.23,133.92,-136.65
-158.04,323.46,-124.78
-171.47,357.6,-112.57
-4.4647,42.521,-120.49
-94.813,204.56,-137.27
-56.692,45.07,-117.63
-75.591,75.617,-137.06
-60.041,137.88,-142.85
-171.9,325.92,-132.19
-207.91,404.72,-118.08
-254.27,426.45,-107.62
-138.41,210.21,-140.87
-89.515,190.79,-140.61
11.639,15.896,-137.24
-31.399,-6.6367,-125.36
-118.71,170.24,-105.68
-71.167,73.14,-142.79
-139.29,205.75,-138.56
-208.47,341.04,-85.896
-26.295,35.931,-105.48
-120.26,158.63,-116.47
-145.02,202.48,-117.73
-148.22,208.9,-116.01
-209.03,360.94,-78.348
-140.33,239.28,-93.811
-24.875,38.804,-155.19
-37.347,59.276,-105.03
-88.783,188.11,-106.98
-203.57,349.47,-80.275
-104.81,127.64,-131.28
-225.08,407.65,-69.839
-173.78,351.88,-121.73
-196.2,335.3,-129.85
-83.691,125.51,-151.39
-139.2,287.84,-99.667
-228.68,421.97,-117.9
-171.97,270.56,-95.814
-122.63,159.94,-124.47
-161.78,310.38,-133.67
10.509,17.624,-137.8
-126.61,253.39,-98.298
-94.29,107.67,-130.68
-159.89,234.8,-128.57
-218.84,343.95,-108.69
2.5727,14.521,-111.54
-97.697,161.83,-150.36
-137.92,281.68,-131.94
-33.411,74.994,-150.97
-138.18,195.22,-110.38
-21.367,73.87,-120.22
-199.9,310.37,-118.3
-165.34,241.48,-122.56
-214.72,390.08,-123.24
-115.03,146.06,-128.35
-186.38,384,-90.295
-107.63,194.54,-98.566
-162.32,299.11,-87.463
-52.637,121.61,-145.02
-251.18,421.56,-109.04
0.011196,27.645,-115.41
-119.11,251.49,-132.06
-197.83,327.35,-128.16
-208.94,432.76,-91.368
-247.56,417.01,-110.99
5.1007,28.393,-135.84
-60.851,124.31,-149.54
-222.33,380.8,-76
-69.498,120.23,-103.02
-133.79,287.3,-118.05
-36.582,7.6879,-142.65
-23.254,2.7543,-109.47
-211.85,349.67,-83.805
-207.07,399.34,-119.82
-149.42,212.26,-113.56
-226.29,408.34,-119.96
-159.03,260.38,-138.97
-207.71,324.62,-98.1
-135.8,245.18,-93.523
-130.02,177.47,-132.75
-70.04,167.47,-123.62
-73.785,70.717,-124.04
-9.3894,22.516,-107.5
-208.1,323.68,-100.74
-238.54,401.72,-114.57
-202.96,329.74,-87.866
-247.26,399.17,-89.489
-161.08,331.1,-94.901
-43.001,116.13,-122.53
-79.689,184.76,-129.33
-22.63,7.1034,-108.06
-15.215,22.097,-155.48
-137.93,244.48,-93.283
-28.525,61.534,-107.49
-36.002,79.812,-108.22
-147.93,208.62,-126.07
-146.41,310.39,-117.66
-138.57,235.08,-94.289
-19.69,66.862,-143.22
-77.535,161.28,-106.23
-208.4,338.45,-122.72
-199,400.05,-114.38
-173.48,291.2,-135.9
-178.01,351.64,-125.24
-122.54,252.47,-101.51
-136.58,221.45,-143.87
-71.592,170.47,-124.1
-219.06,381.64,-122.91
-110.67,242.57,-125.2
-53.114,43.52,-145.9
-196.44,404.39,-107.06
-7.5112,45.319,-117.82
-97.189,114.44,-133.93
-218.43,366.2,-80
-130.32,190.08,-104.9
-230.94,450.16,-110.18
-28.62,90.931,-126.93
-132.34,281.32,-124.51
-232.52,478.64,-83.144
-45.055,33.773,-148.69
-3.1069,9.3831,-154.71
-151.87,261.66,-141.13
-232.81,430.31,-116.46
-60.751,48.809,-138.41
-208.33,361.71,-126.31
-84.078,119.25,-150.38
-226.42,434.72,-114.22
-95.54,112.67,-136
-103.82,224.11,-109.06
-77.976,153.65,-148.62
-144.97,258.53,-91.768
-62.968,58.617,-143.6
-55.07,94.941,-104.14
-25.586,25.869,-105.9
-97.725,184.68,-100.63
-189.98,291.94,-101.13
-211.11,341.38,-87.902
-35.421,99.04,-118.78
-42.612,12.757,-133.24
-249.04,403.49,-87.146
-249.89,423.72,-71.412
-193.31,400.08,-90.912
-165.08,347.74,-107.18
-189.55,323.77,-131.79
-148.41,246.02,-141.74
-126.96,215.12,-96.184
-192.69,350.26,-129.69
-130.34,194.8,-102.64
-206.9,366.15,-76.792
-136.7,275.83,-97.135
-135.24,199.23,-104.14
6.5114,26.86,-130.65
-217.42,375.51,-76.199
-119.05,188.95,-99.491
-190.35,325.96,-131.59
-19.405,28.572,-105.84
-112.29,176.17,-147.85
-202.04,399.92,-116.92
-147.12,213.58,-107.44
-182.51,379.59,-95.089
-78.887,183.1,-129.82
-145.94,203.66,-121.61
-102.41,124.67,-119.65
-232.88,478.17,-79.506
-44.658,24.848,-116.69
-87.921,144.82,-151.46
-18.242,31.783,-106.26
-134.86,286.21,-105.77
-160.41,252.32,-96.611
-14.517,46.866,-149.45
-263.8,452.28,-106.45
-109.83,197.38,-98.202
-27.817,86.733,-121.16
-232.45,474.12,-95.548
-52.228,32.753,-122.34
-110.26,184.01,-98.875
-233.37,479.46,-80.039
-193.88,351.32,-79.237
-103.38,229.91,-118.69
-229.66,370.82,-111.88
-225.58,422.45,-117.57
-234.65,435.11,-115.62
1.6583,30.677,-141.53
-162.94,240.48,-127.84
-131.18,273.78,-130.04
-235.38,380.83,-109.22
-180.23,361.36,-121.7
-211.24,334.95,-93.081
-46.232,37.656,-149.34
-266.3,446.98,-71.126
-246.78,445.6,-113.38
-95.712,110.57,-123.89
-76.386,80.059,-140.32
-192.27,335.78,-81.616
-159.03,279.97,-89.061
-122.68,220.58,-145.7
-172.98,308.33,-85.402
-220.05,433.35,-72.023
-79.896,185.88,-126.66
-235.37,397.87,-75.078
-101.58,208.87,-141.22
-40.611,11.244,-123.19
-68.25,73.971,-146.55
-119.37,167.42,-107.73
-188.24,392.58,-99.472
-96.741,214.14,-113.38
-6.1425,15.885,-154.39
-150.83,283.84,-90.439
-228.02,427.43,-116.7
-190.05,288.87,-117.41
-33.195,85.755,-112.49
-43.14,16.112,-138.5
-165.75,347.87,-111.75
10.251,16.257,-121.75
-210.84,392.12,-73.33
-266.21,448.09,-70.266
-240.19,477.88,-102.21
-24.487,69.178,-112.63
-136.6,220.26,-143.75
-56.175,123.35,-147.09
-186.43,359.46,-81.479
-208.69,332.56,-119.78
-117.24,227.76,-142.74
-253.06,413.39,-82.729
-194.49,306.31,-94.732
-151.4,321.38,-111.57
-69.915,121.68,-152.6
4.434,28.974,-124.54
-57.53,138.37,-139.12
-163.55,254.15,-134.77
-154.5,316.88,-95.782
-237.79,389.9,-81.774
-186.9,346.97,-80.749
-128.78,254.8,-97.16
-147.18,310.76,-119.41
-151.25,214.15,-116.83
-110.38,137.69,-129.92
-70.301,131.24,-151.31
-19.962,74.515,-134.13
-42.589,77.369,-153.72
-159.32,299.21,-136.15
-122.4,159.52,-124.59
-183.76,379.87,-110.97
8.5601,22.863,-133.43
-106.31,143.99,-108.86
-30.236,87.717,-117.4
-252.99,409.85,-88.859
-151.36,234.67,-98.712
-34.144,89.334,-113.39
-24.491,44.879,-106.18
-187.06,350.14,-129.23
-213.11,395.32,-122.32
-102.82,180.96,-99.262
-65.224,156.97,-132.91
-153.14,227.94,-103.98
-97.021,215.38,-130.18
-55.931,112.75,-106.05
-127.66,258.18,-136.37
-135.75,220.11,-96.715
-158.72,242.61,-100.25
-155.25,315.48,-127.31
-36.134,27.172,-108.74
-105.84,179.02,-99.196
-161.93,263.54,-138.03
-155.3,278.89,-89.404
-244.83,393.45,-97.288
-43.722,95.112,-150.01
-113.89,245.45,-109.21
-58.492,146.25,-127.26
-47.194,25.015,-140.21
-210.75,361.38,-125.39
-223.84,399.01,-121.15
-237.5,396.4,-77.233
-85.583,195.78,-119.26
-95.874,171.58,-149.66
-140.15,220.87,-142.25
-81.431,130.48,-152.11
-262.39,430.6,-80.917
-135.21,194.58,-106.92
-181.88,377.57,-109.69
-170.76,358.71,-104.43
-2.6865,10.243,-107.74
-244.83,400.09,-106.77
-1.5819,35.041,-118.51
-198.22,356.48,-78.303
-210.37,348.43,-123.87
-239.31,440.83,-64.397
-238.78,452.37,-112.08
-77.406,164.06,-107.3
-275.52,455.12,-91.899
-151.98,321.32,-105
-149.31,299.43,-131.48
-201.25,343.42,-128.29
-236.71,380.35,-105.83
-176.15,318.41,-134.36
-194.3,404.19,-95.65
-81.628,185.99,-133.27
1.7542,25.577,-116.16
-79.055,153.02,-103.44
-201.36,335.15,-84.365
-155.54,224.64,-111.1
-101.55,176.98,-99.473
-238.68,428.23,-116.2
-214.09,441.94,-95.832
-205.99,340.91,-125.38
-225.62,371.61,-82.088
-227.63,468.09,-91.831
-195.46,325.79,-85.277
-106.69,162.73,-102
-104.41,162.52,-149.01
-199.6,402.45,-81.615
-38.635,65.333,-105.1
-219.9,352.23,-89.964
-196.97,409.44,-95.158
-20.685,75.86,-134.04
-105.53,179.16,-117.16
-122.43,256.36,-153.28
-155.79,354.75,-132.69
-147.19,306.49,-147.21
14.07,36.078,-124.77
-181.14,345.35,-140.29
-106.93,170.56,-125.89
-94.661,250.26,-130.2
-171.43,331.77,-143.06
-153.9,361.83,-122.05
-144.79,305.28,-98.448
-114.05,286.44,-122.46
-54.362,70.693,-135.06
-26.163,122.44,-140.41
9.7623,54.111,-148.48
-54.899,132.83,-113.42
0.99077,47.749,-119.49
18.681,28.357,-157.2
-151.97,342.2,-99.944
-244.34,430.22,-103.98
-97.214,218.86,-108.56
-199.12,356.75,-96.549
-133.65,324.32,-123.14
-131.96,241.6,-107.2
-216.33,472.39,-81.377
-213.88,451.75,-78.237
-74.767,112.34,-127.62
-5.9226,58.8,-118.79
-28.056,82.438,-164.5
-46.597,160.28,-137.76
-204.09,409.06,-81.551
-220.46,471.98,-77.315
-242.18,444.41,-80.261
-21.517,55.972,-115.62
-65.044,193.62,-139.82
5.8387,13.972,-116.42
-121.59,272.44,-104.79
-105.05,257.54,-113.02
-11.551,94.91,-144.06
-17.94,61.725,-165.17
-213.11,460.98,-117.54
5.4882,43.701,-160.87
-86.808,188.81,-159.44
-207.32,357.87,-113.19
-18.637,70.003,-164.35
-27.941,25.294,-131.4
-54.569,152.86,-157.65
13.445,28.742,-161.32
-156.9,316,-146.14
-45.244,53.463,-137.07
-110.87,197.24,-153.91
-248.57,447.22,-84.482
-51.925,160.06,-122.24
-157.2,369.02,-110.77
-192.43,332.46,-108.39
-257.06,460.31,-84.86
-45.183,53.113,-142.37
-238.66,424.3,-91.181
-185.1,423.92,-105.85
-3.1895,59.274,-120.51
-202.84,349.55,-117.32
-21.76,114.32,-140.83
-115.28,268.26,-147.66
-80.441,170.9,-110.71
-28.569,31.179,-127.02
-18.618,107.23,-145.19
-4.4144,70.214,-156.53
-49.644,73.21,-155.8
-51.838,121.67,-163.37
-51.2,162.71,-148.6
-79.619,212.74,-119.27
-199.89,441.61,-117.85
-105.87,251.42,-109.95
-239.4,470.37,-70.861
-133.57,216.92,-131.79
-73.846,126.07,-118.04
-172.56,398.16,-115.93
-88.958,213.94,-111.53
-226.24,476.81,-74.255
-95.223,189.66,-109.52
-130.54,250.49,-152.74
-229.8,404.04,-113.13
-20.369,8.3583,-136.82
-148.98,246.3,-130.56
-163.77,281.49,-136.79
5.8586,43.046,-160.87
22.504,28.819,-131.11
-23.625,46.005,-117.45
-185.47,315.96,-116.91
-132.99,318.35,-111.69
-58.733,177.81,-146.66
-160.4,306.97,-97.575
-214.06,476.24,-87.433
-71.1,200.05,-145.89
-58.297,141.93,-113.3
-129.26,213.56,-141.86
-148.13,327.97,-99.252
-99.045,209.15,-157.9
3.9478,37.545,-163.56
-150.71,356.81,-120
-192.12,436.07,-109.8
-188.12,420.45,-120.38
-90.028,135.77,-134.58
-88.684,181.86,-109.94
-167.03,353.65,-92.662
-24.553,118.58,-143.84
-191.59,402.25,-85.105
-238.74,434.79,-83.064
-76.943,205.28,-118.27
-189.49,338.74,-134.06
-204.68,434.8,-125
-78.253,212.38,-145.83
-158.76,274.73,-110.39
-45.788,115.08,-163.41
-4.2342,28.343,-116.1
-124.47,226.42,-108.98
-51.934,87.997,-160.03
-197.68,422.36,-126.83
-58.798,78.113,-137.27
-28.052,125.04,-143.55
-150.31,303.45,-147.79
-123.62,285.65,-106.38
-78.4,216.79,-141.21
-219.79,382.26,-111.32
-140.71,230.4,-129.23
-0.33777,62.853,-124.44
-124.32,231.59,-153.33
-189.34,323.5,-121.16
-140.91,320.88,-139.89
-114.96,188.03,-145.37
-220.91,399.36,-124.2
-141.35,334.29,-109.45
-175.79,309.72,-136.74
-188.39,364.51,-88.879
-259.28,465.91,-82.857
-116.98,292.58,-126
-144.61,285.26,-99.805
-188.36,428.34,-111.85
-32.876,124.78,-153.45
-122.8,243.89,-104.48
-235.65,465.57,-122.03
-97.175,161.73,-152.2
-96.477,165.74,-154.52
-46.324,89.255,-162.93
6.2309,46.974,-122.8
-71.365,180.09,-157.17
-155.14,314.39,-146.38
-183.77,379.31,-136.46
-226.62,414.5,-85.242
-246.16,441.35,-86.298
-128.54,208.57,-126.7
-81.092,128.75,-123.07
-99.781,258.23,-122.95
-47.044,157.04,-146.9
-119.74,286.26,-110.32
-36.281,96.804,-164.12
-145.9,278.9,-101.18
-59.993,104.92,-117.55
-54.301,102.88,-162.26
-15.678,102.77,-142.93
14.508,19.769,-119.17
6.4507,36.917,-119.47
-216.78,483.04,-103.48
-53.646,105.8,-162.87
-216.09,480.14,-105.9
10.691,54.928,-140.15
-93.987,168.7,-113.94
-218.79,468.22,-77.762
-64.5,179.5,-152.77
-27.904,25.246,-150.42
-26.245,93.871,-117.29
-118.65,286.63,-139.93
-200.58,359.02,-130.35
-134.44,300.56,-145.11
-10.804,89.554,-129.5
-21.266,113.43,-137.65
18.196,30.953,-156.12
-133.36,310.02,-106.09
-212.68,450.23,-78.738
-37.869,109.54,-162.56
-108.17,271.44,-117.82
-169.45,327.79,-94.413
-219.8,471.95,-116.42
-221.93,456.45,-123.22
-198.47,381.13,-135.06
-30.449,32.796,-153.12
-12.324,51.526,-165.4
-136.69,323.54,-109.19
-65.343,92.331,-131.61
-159.5,291.4,-102.06
-94.243,164.44,-155.74
-29.11,125.08,-146.92
-41.789,79.788,-116.49
-104.1,162.19,-131.99
-203.7,385.73,-86.309
-55.57,121.78,-163.35
-162.11,326.17,-94.477
-17.239,80.742,-161.46
-70.812,179.16,-113.96
-124.09,276.86,-104.19
-33.658,115.92,-158.74
-182.52,334.1,-138.42
-110.71,227.79,-156.23
-101.53,167.75,-120.09
-236.6,442.74,-77.898
-135.18,278.61,-150.85
-205.1,370.68,-93.313
-195.31,396.6,-133.9
-24.214,40.108,-162.19
-148.29,260.05,-109.33
-206.25,437.67,-80.882
-174.52,295.65,-117.48
-183.98,323.93,-103.34
-94.644,146.2,-143.65
-251.37,454.3,-82.262
-172.63,329.28,-142.69
-160.82,375.93,-109.48
-144.61,344.59,-123.16
-191.65,433.37,-95.723
-166.78,295.96,-104.66
-108.45,170.46,-139.02
-212.54,439.78,-78.066
-183.46,330.31,-98.976
-132.69,217.41,-123.98
-23.363,114.43,-147.41
-17.45,92.952,-122.96
-183.17,406.62,-125.07
-112.38,195.92,-114.16
-179.76,404.72,-95.246
-86.027,146.73,-155.88
-116.24,263.24,-106.07
-112.61,194.49,-115.03
-143.99,344.09,-120.96
-63.005,184.6,-147.3
-30.282,26.629,-145.65
-35.433,56.087,-160.35
-152.47,341.35,-99.263
-26.841,42.286,-119.94
-24.791,42.026,-162.39
-118.68,197.68,-146.77
-21.428,113.36,-142.52
-237.4,470.1,-121.32
-224.79,401.64,-120.66
-58.671,180.75,-142.63
-146.7,251.77,-142.33
-173.8,368.9,-137.05
-210.62,470.97,-105.66
-195.64,338.39,-107.83
-204.87,364.34,-127.74
-200.43,445.48,-115.4
-30.328,129.15,-133.56
-143.8,334.87,-105.79
-256.44,454.05,-93.069
-113.9,250.2,-153.07
-171.07,369.95,-135.61
-159.82,268.69,-118.71
-222.68,416.61,-126.6
-157.64,366.5,-124.86
-240.53,428.81,-113.3
-133.59,279.57,-150.59
-75.024,167.62,-111.26
-87.437,148.12,-155.27
-214.69,408.02,-82.446
4.9156,60.405,-129.85
-118.12,237.32,-155.15
-141.8,268.54,-150.18
-210.3,472.98,-97.098
-115.98,285.39,-137.04
-92.198,226.91,-112.86
-127.21,278.62,-102.98
-153.8,322.54,-96.144
-75.946,169.95,-111.16
-182.39,418.65,-106.92
-80.691,153.03,-160.17
-158.38,275.51,-140.58
-127.09,265.54,-102.54
-254.26,467.62,-114.14
-96.694,219.45,-108.8
-26.868,49.451,-163.14
-77.018,111.61,-140.38
-231.65,460.76,-122.98
-135.79,303.16,-144.78
-89.365,188.72,-109.46
-5.7407,20.18,-165.4
-146.76,333.36,-101.75
-210.69,461.58,-115.01
-159.07,325.93,-94.874
-171.94,290.44,-118.86
-77.785,139.28,-158.99
10.997,39.942,-123.76
-24.58,106.29,-156
-179.47,342.9,-92.572
-130.75,276.12,-101.72
-95.325,176.97,-157.94
-211.4,395.33,-85.63
-12.506,67.356,-117.71
-148.85,270.38,-104.83
-26.292,80.194,-164.48
5.4031,19.358,-116.53
-95.883,211.99,-108.48
-57.745,89.205,-122.67
-121.36,223.74,-108.52
-230.31,471.5,-120.76
-106.05,177.53,-150.66
-139.36,328.61,-108.45
16.715,39.421,-130.92
-262.33,465.64,-90.739
-192.38,425.34,-121.51
-14.747,3.9,-153.55
13.659,31.613,-122.33
-134.18,262.35,-102.63
-161.8,286.27,-105.97
-104.1,161.68,-134.58
-118.58,189.52,-129.15
-44.381,140.72,-120.2
-40.189,115.94,-115.7
-208.03,393.53,-131.85
-215.4,381.3,-122.51
-96.133,249.92,-138.51
-20.676,59.813,-165.37
-215.83,398.18,-128.12
-200.03,360.85,-94.889
25.527,27.303,-144.85
-29.78,66.979,-164.69
-25.562,69.178,-115.17
-151.75,294.09,-98.935
-222.13,473.28,-117.23
-113.9,188.23,-147.18
-59.046,113.99,-114.87
-159.76,272.11,-136.39
-13.826,12.078,-122.99
-166.41,284.82,-134.86
-208.71,387.11,-130.87
-13.225,20.351,-119.53
-214.28,476,-86.714
-161.57,369.01,-100.68
-87.498,220.01,-114.34
-161.6,351.28,-95.07
-99.848,204.08,-158.24
-117.88,264.79,-105.48
-92.731,181.04,-159.21
-39.539,48.49,-151.94
-124.91,237.44,-153.7
-170.2,299.99,-105.29
-237.05,428.6,-118.02
-95.283,177.94,-111.78
-250.28,441.65,-96.716
-194.11,436.89,-113.75
-11.397,39.414,-115.91
-73.873,189.79,-155.01
-107.82,174.41,-123.34
-246.99,440.02,-88.958
-111.84,215.53,-107.77
-76.823,216.5,-135.23
-148.28,342.58,-104.07
-170.05,393.55,-116.17
1.6931,69.487,-133.73
-215.68,447.24,-77.046
-36.037,49.485,-123.75
-60.816,93.747,-123.12
-181.14,329.9,-138.49
-161.71,307.59,-145.54
-219.43,482.24,-109.28
-216.47,428.38,-128.41
-248.33,445.7,-85.47
-237.65,425.01,-115.45
-205.72,413.89,-80.845
-197.48,340.97,-108.8
-116.36,288.23,-117.35
-11.607,25.632,-117.6
-107.88,275.28,-128.12
-37.634,82.716,-164.39
-141.61,232.12,-128.49
-5.065,34.312,-116.02
-15.622,77.413,-161.64
-35.03,75.001,-115.56
-208.22,420.35,-79.876
-239.45,421.02,-98.557
-114.55,287.64,-128.76
-12.604,58.993,-164.61
-250.28,470.49,-72.926
-201.37,428.21,-82.513
-225.43,437.74,-76.579
-85.866,132.58,-147.81
-111.62,219.93,-156.41
-124.84,206.66,-143.87
-144.37,342.26,-110.93
-38.229,41.012,-136.15
-43.325,119.35,-115.11
-176.59,327.16,-96.504
-97.752,26.443,-69.725
-137.47,86.531,-87.853
-253.97,291.42,-30.376
-139.62,39.918,-98.405
-80.337,-27.395,-98.813
-307.43,377.82,-67.108
-205.07,212.26,-79.592
-116,-40.291,-79.179
-228.46,275.02,-57.452
-114.14,55.36,-69.146
-106.79,26.218,-93.905
-184.42,115.07,-45.849
-100.31,29.961,-67.814
-236.98,229.87,-35.006
-201.61,140.48,-45.243
-180.86,108.9,-93.796
-291.36,377.51,-20.399
-327.62,379.37,-28.823
-236.14,180.3,-55.9
-114.37,1.7662,-100.57
-164.62,121.14,-48.023
-273.32,367.99,-54.52
-198.31,109.37,-79.443
-96.645,-11.452,-100.57
-74.042,-26.153,-60.4
-114.51,-39.337,-67.351
-277.58,262.39,-58.138
-187.91,191.37,-58.891
-324.52,369.31,-51.888
-195.98,124.2,-89.568
-261.47,240.27,-42.847
-98.417,25.752,-83.86
-278.04,297.89,-29.143
-119.48,43.226,-53.445
-148.82,22.644,-86.588
-234.3,187.09,-79.668
-289.3,290.24,-44.169
-85.917,-36.142,-102.07
-224.46,236.55,-37.844
-177.29,80.387,-88.493
-137.28,97.384,-69.672
-139.75,26.02,-96.222
-228.67,191.76,-41.186
-163.75,82.747,-47.248
-96.412,-32.691,-101.66
-228.74,273.77,-50.298
-264.89,344.91,-61.016
-227.76,273.37,-58.84
-230.84,191.41,-83.985
-272.87,348.07,-27.445
-255.61,239.53,-78.566
-203.97,163.17,-91.012
-242.36,219.86,-82.788
-267.23,355.58,-38.6
-245.31,272.03,-79.643
-225.23,267.52,-53.188
-258.65,251.8,-35.376
-262.34,345.36,-55.473
-203.33,122.93,-54.958
-130.65,-0.24774,-57.545
-181.22,140.63,-92.343
-224.12,265.62,-54.67
-302.09,356.05,-68.702
-309.94,338.14,-35.557
-148.18,19.084,-64.746
-115.68,11.486,-100.32
-175,93.538,-93.872
-307.08,342.55,-28.771
-328.74,406.11,-60.239
-173.75,70.151,-86.779
-164.75,144.44,-77.895
-98.792,8.6435,-96.067
-278.94,371.8,-28.835
-221.04,222.05,-37.652
-277.29,280.59,-35.197
-208.25,227.19,-49.891
-225.7,232.68,-83.627
-157,30.903,-70.925
-151.39,114.62,-84.36
-221.6,159.68,-80.591
-164.81,147.73,-64.338
-253.46,297.65,-75.294
-201.97,115.72,-59.604
-93.98,13.313,-89.133
-324.05,383.84,-22.108
-176.33,119.77,-94.569
-283.4,375.26,-25.348
-95.861,-34.778,-52.504
-334.76,425.97,-59.051
-246.59,198.44,-64.087
-289.19,290.25,-43.85
-278.58,333.53,-73.241
-167.09,48.456,-71.659
-246.16,206.43,-47.839
-127.06,78.984,-70.523
-196.94,177.24,-42.368
-159.21,132.29,-58.172
-299.64,412.19,-57.254
-267.84,342.46,-30.314
-307.22,327.79,-53.308
-88.42,10.728,-80.304
-314.61,389.07,-16.299
-285.02,339.3,-22.418
-155.44,72.524,-97.185
-248.7,207.02,-51.48
-208.32,173.75,-90.256
-250.86,307.15,-69.484
-188.76,105.86,-50.858
-112.91,1.8526,-50.713
-221.58,173.8,-85.77
-178.35,68.539,-72.772
-142.18,10.601,-86.683
-165.41,56.345,-88.268
-168.44,141.25,-85.531
-304.53,434.75,-48.344
-254.17,226.92,-75.68
-326.72,391.25,-20.653
-224.65,259.48,-70.514
-277.75,381.03,-38.443
-232.07,269.2,-40.798
-281.73,373.16,-61.974
-244.16,275.07,-33.166
-135.32,-7.1334,-76.942
-273.08,257.96,-66.592
-303.4,341.51,-26.41
-213.48,141.85,-80.532
-253.61,257.74,-81.481
-152.42,23.183,-78.31
-233.11,265.81,-38.535
-147.98,112,-81.491
-69.432,-21.19,-77.419
-286.17,288.2,-65.145
-291.59,351.05,-71.099
-232.91,280.32,-65.06
-306.17,382.34,-16.759
-167.6,153.69,-68.521
-313.21,384.56,-65.535
-237.1,290.24,-46.755
-91.889,-30.635,-52.025
-92.116,-26.949,-52.026
-274.75,374.15,-49.848
-119.07,-32.881,-84.196
-144.65,17.394,-60.732
-133.12,-1.1488,-90.347
-142.16,73.587,-95.926
-111.37,-3.2932,-50.979
-258.03,314.49,-31.293
-284.93,304.37,-30.121
-163.24,144.61,-73.047
-173.69,107.92,-45.285
-183.48,90.694,-54.32
-225.29,249.79,-77.335
-248.11,313.72,-43.872
-252.13,308.4,-69.97
-269.56,363.47,-49.224
-242.2,296.27,-41.385
-77.786,-20.211,-94.041
-215.5,248.19,-60.123
-269.09,362.68,-48.441
-285.71,373.08,-64.796
-308.85,374.86,-18.266
-144.67,94.546,-53.363
-263.86,309.47,-27.676
-248.73,247.34,-82.567
-236.39,191.7,-79.483
-177.92,130.09,-93.53
-302.51,397.64,-64.019
-272.82,357.67,-62.094
-277.36,292.33,-74.721
-95.678,-3.0184,-98.396
-128.28,-15.224,-85.914
-327.95,405.33,-60.576
-129.53,51.094,-97.081
-226.64,209.61,-86.993
-320.77,376.61,-60.435
-266.98,260.57,-36.836
-138.44,21.197,-53.57
-178.42,74.914,-83.651
-290.23,377.65,-65.435
-253.79,316.34,-35.846
-109.78,48.635,-73.708
-295.44,385.37,-19.109
-235.64,280.55,-69.502
-105.9,-45.321,-93.802
-318.9,359.32,-55.492
-195.78,122.5,-89.239
-333.62,396.06,-24.568
-209.28,183.24,-89.594
-285.49,299.68,-32.426
-115.76,56.176,-65.417
-205.88,220.6,-49.024
-187.36,169.15,-86.612
-165.41,83.394,-47.456
-208.93,127.01,-61.218
-156.27,53.355,-51.802
-271.95,368.28,-49.871
-141.99,10.54,-62.83
-277.81,334.49,-72.968
-314.22,419.99,-61.53
-83.333,-4.3135,-63.586
-104.63,-11.7,-101.24
-221.76,261.1,-57.682
-173.56,157.89,-79.962
-98.988,15.034,-93.306
-108.99,37.693,-59.983
-156.82,57.195,-50.833
-111.24,36.043,-92.538
-117.76,-35.475,-83.734
-333.08,386.92,-32.114
-125,46.58,-51.43
-289.55,309.81,-69.893
-180.09,77.201,-60.261
-93.723,-45.796,-53.865
-259,319.43,-70.052
-167.98,141.14,-85.155
-137.89,-0.7184,-82.41
-114.31,-11.772,-52.784
-295.88,322.84,-67.969
-149.04,114.79,-60.733
-272.14,345.22,-27.392
-104.03,33.798,-64.203
-165.78,144.91,-57.551
-202.49,119.37,-56.741
-93.474,7.9798,-59.447
-266.68,341.52,-65.313
-316.11,354.45,-57.155
-292.2,358.46,-20.101
-246.82,310.89,-60.456
-267.17,319.12,-26.907
-308.48,421.53,-59.059
-91.501,-39.368,-52.475
-279.02,369.59,-27.904
-163.78,112.03,-93.785
-213.6,203.75,-38.85
-94.052,11.239,-90.786
-248.19,274.62,-79.77
-235.14,176.56,-59.219
-135.32,-5.5134,-81.982
-273.92,373.73,-43.892
-270.66,323.85,-25.847
-75.938,-15.922,-88.716
-243.45,192.29,-59.987
-275.29,358.23,-64.13
-216.31,227.34,-41.003
-156.16,100.92,-48.152
-270.28,320.7,-25.905
-125.63,-21.851,-83.331
-265.21,254.12,-38.544
-197.15,166.97,-41.522
-79.792,-20.77,-57.946
-103.43,-27.578,-52.91
-117.16,-19.248,-56.475
-259.31,224.66,-55.878
-178.84,70.495,-66.744
-300.67,427.05,-26.101
-227.45,163.62,-73.719
-241.21,194.03,-50.848
-227.48,252.37,-39.27
-250.62,216.73,-46.007
-299.88,417.63,-22.331
-313.96,341.26,-44.299
-304.48,433.96,-48.939
-326.54,419.61,-61.561
-188.32,170.01,-45.55
-129.12,39.757,-98.895
-117.38,52.977,-59.689
-224.38,164.31,-79.682
-310.32,402.32,-64.417
-194.02,100.18,-61.585
-173.16,111.63,-95.116
-344.63,409.66,-36.855
-72.657,-28.618,-60.448
-239.58,202.36,-43.557
-187.74,157.43,-43.596
-148.07,41.564,-51.653
-311.54,335.92,-44.841
-298.31,313.6,-61.275
-125.74,-9.5577,-93.287
-290.32,304.18,-67.482
-133.11,41.989,-49.035
-127.69,-15.455,-86.789
-172.34,141.78,-88.317
-186.88,182.49,-78.748
-274.75,256.28,-54.124
-261.23,230.07,-65.682
-279.63,384.96,-48.564
-151.65,90.997,-94.889
-211.34,201.01,-39.382
-266.24,356.54,-45.077
-152.01,48.324,-95.391
-300.99,341.06,-67.894
-316.83,357.95,-57.97
-161.79,57.354,-53.572
-116.9,-34.916,-86.586
-302.37,427.62,-23.619
-237.36,203.11,-82.456
-311.07,367.57,-20.889
-181.22,178.35,-71.727
-241.12,300.98,-57.865
-311.05,334.73,-47.564
-277.23,329.67,-24.095
-117.66,-15.799,-96.839
-201.27,112.19,-75.491
-148.79,16.183,-74.203
-276.96,312.29,-25.784
-155.46,129.88,-64.713
-117.07,52.168,-59.54
-236.71,283.1,-41.79
-138.03,32.37,-98.071
-120.62,65.495,-80.776
-203.31,214.54,-48.924
-220.91,243.7,-42.267
-174.15,133.96,-91.82
-277.93,356.63,-25.476
-329.72,376.58,-38.979
-198.2,106.86,-62.705
-324.58,382.6,-23.163
-307.23,426.14,-17.79
-116.74,11.036,-100.36
-263.59,237.84,-68.455
-281.57,327.44,-74.045
-314.4,371.26,-21.193
-136.57,33.613,-98.579
-201.82,215.31,-73.053
-294.43,298.18,-51.642
-256.39,237.18,-39.831
-209.16,153.68,-88.621
-273.51,253.5,-55.963
-106.99,6.8553,-99.779
-269.22,265.44,-36.235
-263.15,341.21,-35.523
-251.79,208.75,-61.244
-237.91,182.28,-69.038
-284.26,276.47,-56.055
-190.08,90.214,-73.693
-161.32,67.822,-95.134
-193.24,121.41,-47.453
-287.5,284.72,-47.203
-243.08,270.52,-33.178
-137.69,-2.7551,-78.399
-179.81,75.999,-61.028
-303.1,438.92,-36.463
-285.43,297.24,-33.551
-126.62,-14.025,-89.67
-156.3,124.93,-82.757
-238.04,253.28,-33.869
-121.19,27.895,-99.277
-280.97,388.66,-38.414
-285.92,397.01,-49.791
-166.47,87.067,-95.832
-123.54,17.365,-50.138
-176.13,129.84,-44.77
-338.39,400.15,-47.674
-234.34,284.74,-47.835
-181.1,73.92,-74.898
-299.28,403,-60.998
-222.11,156.8,-53.854
-105.52,-19.626,-52.053
-257.26,247.53,-79.153
-72.281,-17.342,-71.867
-247.22,202.97,-70.341
-305.2,322.11,-45.514
-127.41,60.742,-53.935
-113.29,-44.509,-81.076
-207.74,229.04,-69.778
-218.98,195.03,-88.392
-286.72,400.19,-47.601
-300.23,311.87,-44.881
-177.84,142.43,-45.593
-85.685,-16.676,-97.956
-182.8,114.84,-45.503
-318.79,355.77,-52.845
-257.32,336.92,-47.997
-260.4,256.72,-34.562
-81.508,-11.594,-60.859
-163.69,116.22,-92.694
-131.13,19.69,-51.082
-335.66,392.72,-31.295
-239.95,217.95,-37.958
-202.27,123.52,-53.254
-254.63,288.13,-29.983
-246.38,265.26,-31.901
-248.35,204.24,-68.868
-141.07,101.79,-63.538
-172.35,133.72,-46.639
-222.44,251.91,-44.233
-101.96,28.094,-87.74
-173.64,68.595,-58.264
-241,194.03,-50.492
-244.91,228.8,-36.734
-270.86,382.43,-61.116
-194.29,112.27,-93.254
-235.25,190.76,-78.115
-157.97,58.529,-108.5
-215.36,262.29,-80.09
-325.53,392.61,-72.567
-247.9,222.88,-66.67
-162.1,144,-71.11
-258.83,348.03,-79.349
-170.75,68.388,-89.349
-177.11,184.03,-77.908
-251.09,274.01,-99.596
-249.46,280.99,-49.017
-242.41,236.43,-55.603
-335.68,406.78,-51.325
-104.94,-30.818,-113.93
-109.39,57.878,-101.7
-303.4,391.16,-35.015
-300.15,328.37,-60.148
-310.18,432.7,-32.088
-181.89,144.73,-61.945
-127.79,33.41,-117.89
-195.6,203.89,-63.872
-257.64,274.65,-50.456
-313.75,357.25,-67.62
-165.75,160.89,-95.067
-290.99,374.03,-87.548
-162.56,138.21,-107.4
-216.86,196.76,-106.76
-223.33,169.6,-75.802
-95.253,-33.739,-73.114
-189,209.28,-83.681
-89.792,-39.766,-119.77
-201.13,144.59,-106.07
-118.09,56.941,-112.45
-306.5,341.82,-71.023
-290.25,424.81,-52.439
-92.28,-7.7356,-70.856
-212.99,255.81,-71.303
-229.83,273.42,-94.359
-123.79,40.501,-118.08
-233.14,291.57,-60.858
-157.39,148.12,-89.552
-202.8,174.53,-59.498
-190.44,147.8,-111.15
-184.83,110.35,-70.497
-101,-20.031,-119.05
-226.42,199.33,-60.306
-281.21,290.37,-61.115
-140.98,22.927,-80.474
-101.63,-39.323,-79.191
-197.29,131.63,-69.911
-279.38,384.24,-44.564
-69.364,-19.691,-80.077
-180.98,148.57,-62.056
-301.2,337.98,-52.356
-160.31,59.734,-106.63
-252.05,310.65,-92.945
-171.78,175.27,-82.168
-224.33,247.58,-100.91
-150.74,57.084,-70.624
-192.13,134.25,-65.412
-109.72,-38.313,-95.839
-284.62,305.71,-85.934
-295.56,337.69,-85.495
-226.59,180.03,-95.424
-283.58,396.17,-44.214
-241.3,298.03,-54.209
-132.68,84.157,-110.56
-131.82,14.983,-75.897
-246.93,319.47,-84.547
-253.83,237.01,-91.543
-77.795,-21.362,-118.29
-107.56,-10.839,-118.28
-172.12,125.27,-63.315
-240.17,203.72,-71.777
-181.53,89.812,-82.91
-243.16,276.05,-99.217
-251.99,313.01,-92.083
-76.773,2.4859,-102.2
-182.18,155.85,-110.43
-118.25,8.8106,-70.861
-148.74,32.694,-83.824
-147.75,88.939,-115.25
-258.97,276.84,-97.681
-291.31,358,-89.138
-326.35,384.55,-60.897
-220.62,162.58,-89.887
-177.83,141.46,-112.03
-69.324,-28.947,-116.53
-94.818,-44.058,-76.247
-179.4,134.7,-62.562
-147.98,28.285,-90.028
-219.45,159.14,-86.32
-265.09,307.88,-45.639
-85.345,2.2417,-76.281
-185.1,120.39,-66.583
-212.06,162.94,-66.117
-214.58,169.76,-64.831
-264.05,329.15,-45.31
-199.88,205.08,-61.142
-112.35,-10.817,-116.06
-97.321,25.13,-76.393
-158.08,149.49,-85.876
-259.09,317.36,-46.584
-176.51,85.47,-77.779
-278.8,376.99,-43.169
-258.21,304.84,-96.12
-278.82,287.86,-84.71
-170.18,75.892,-104.67
-208.86,249.16,-80.384
-310.55,375.59,-82.121
-231.15,235.9,-53.659
-191.69,119.24,-71.742
-249.4,261.07,-100.09
-70.798,-27.422,-116.82
-193.08,216.24,-76.536
-164.84,66.146,-77.537
-234.68,190.99,-75.313
-286.71,304.04,-58.032
-62.195,-21.613,-91.234
-186.02,111.42,-106.41
-224.99,233.06,-104.08
-121.92,25.283,-118.45
-201.36,158,-62.284
-94.729,33.235,-101.43
-272,268.11,-66.486
-236.69,199.53,-69.52
-297.76,342.89,-84.952
-185.75,104.43,-75.036
-255.34,345.91,-74.134
-169.67,159.33,-70.509
-222.49,265.02,-61.07
-140.69,72.419,-116.42
-323.94,379.29,-62.335
-68.242,-10.256,-96.545
-205.55,203.35,-106.17
-278.13,280.96,-80.17
-281.05,393.05,-76.211
-321.46,374.16,-64.581
-75.597,-16.293,-115.35
-150.3,74.024,-115.98
-276.32,349.46,-41.67
-130.82,85.35,-74.159
-214.63,242.54,-97.424
-110.67,-35.653,-90.703
-80.561,-30.617,-71.45
-267.87,316.91,-44.606
-290.85,352.31,-89.388
-214.66,173.78,-63.242
-307.89,361.89,-81.117
-243.29,211.88,-91.21
-269.04,288.43,-50.664
-196.81,210.5,-65.232
-204.76,133.66,-78.952
-149.22,123.61,-103.37
-139.31,32.062,-73.445
-70.813,-12.076,-83.61
-270.71,286.73,-52.2
-313.99,358.03,-68.051
-260.14,296.24,-47.021
-306.77,364.04,-43.083
-230,292.89,-76.773
-119.49,73.778,-103.09
-162.67,138.74,-107.25
-79.857,-26.089,-71.991
-102.33,-27.288,-116.96
-198.33,210.04,-63.625
-91.788,25.984,-83.985
-100.81,43.495,-85.577
-219.93,166.29,-72.635
-227.88,265.25,-96.608
-198.13,200.86,-61.297
-105.25,19.238,-117.99
-144.8,123.67,-83.948
-285.26,293.8,-73.171
-281.31,354.23,-90.048
-257.59,242.87,-89.538
-263.6,303.74,-96.323
-191.42,214.12,-81.059
-222.34,172.17,-96.508
-151.17,126.39,-103.72
-299.98,335.26,-79.762
-193.6,196.58,-103.15
-130.91,-1.791,-94.144
-275.72,360.51,-87.154
-78.154,6.1553,-99.221
-169.95,71.695,-80.337
-273.37,334.14,-42.728
-191.17,154.41,-61.086
-311.94,404.86,-83.095
-106.74,47.693,-107.38
-216.23,234.74,-101.47
-302.01,440.45,-69.732
-124.54,-12.367,-98.063
-90.259,-39.782,-119.6
-238.81,212.01,-97.334
-314.27,384.18,-81.082
-133.69,6.0239,-85.564
-290.38,314.69,-82.721
-169.08,70.304,-101.86
-308.39,388.69,-84.302
-169.52,69.275,-82.36
-176.45,183.8,-89.323
-167.8,103.09,-113.99
-205.16,224.23,-62.512
-139.74,13.803,-91.123
-116.19,60.209,-75.93
-83.631,-7.4638,-74.094
-161.38,148.76,-74.893
-251.77,255.51,-53.642
-268.41,307.72,-45.768
-108.86,58.339,-99.59
-111.04,-27.532,-81.506
-307.5,368.97,-41.523
-302.17,393.15,-34.845
-263.55,361.34,-75.31
-242.4,305.01,-88.737
-272.89,275.95,-86.642
-234.19,196.8,-95.234
-186.97,180.69,-63.6
-277.91,301.87,-90.933
-190.56,159.59,-60.713
-262.15,334.45,-46.848
-203.75,238.44,-76.386
-196.01,163.6,-60.346
-71.331,-16.186,-111.72
-271.7,344.11,-43.092
-178.77,154.4,-63.063
-273.73,278.13,-86.675
-78.909,-5.2408,-78.368
-198.51,126.63,-100.3
-285.2,353.48,-90.219
-209.54,176.83,-60.247
-254.25,340,-78.746
-162.06,136.97,-107.6
-215.13,162.89,-68.909
-167.64,86.188,-69.376
-300.21,441.18,-66.601
-105.12,-10.74,-71.159
-176.32,94.397,-107.91
-78.627,-2.3971,-80.284
-208.49,245.44,-87.082
-219.65,217.7,-55.588
-101.77,-1.9651,-119.92
-337.02,409.94,-62.05
-171.66,162.26,-69.797
-102.29,45.493,-102.19
-308.26,432.26,-77.978
-115.55,-4.5992,-73.453
-170.56,149.41,-66.184
-301.08,442.26,-67.103
-250.83,318.88,-51.87
-182.27,186.22,-98.645
-301.01,329.1,-62.089
-307.89,375.97,-83.787
-315.95,389.1,-80.781
-81.9,-15.725,-118.4
-237.55,196.78,-74.651
-217.34,225.79,-104.19
-305.57,339.75,-59.688
-264.76,314.19,-95.162
-270.54,300,-47.794
-126.4,-8.8272,-99.017
-318.6,416.21,-31.993
-326.06,400.44,-75.164
-162.61,71.116,-72.356
-151.82,35.917,-87.161
-248.73,303.32,-50.1
-218.08,246.2,-58.619
-211.87,169.97,-105.61
-231.32,275.02,-56.069
-279.41,400.35,-55.186
-161.5,140.66,-105.41
-288.81,366.67,-38.454
-190.51,159.09,-110.84
-103.58,-25.907,-74.503
-147.81,27.718,-94.821
-180.7,131.42,-62.942
-263.16,351.24,-82.6
-171.72,172.58,-93.798
-93.451,-33.348,-119.51
-212.66,248.95,-65.496
-310.09,381.11,-83.17
-260.5,247.46,-65.198
-101.71,47.614,-92.181
-114.87,-25.986,-86.214
-245.52,303.73,-91.9
-61.857,-23.636,-103.96
-266.98,360.37,-49.484
-318.2,417.53,-31.707
-318.83,434.16,-79.747
-92.404,31.365,-92.463
-222.13,171.08,-96.058
-144.97,73.619,-116.49
-247.1,325.45,-60.215
-283.04,289.17,-69.039
-206.75,177.4,-108.54
-309.67,379.97,-38.712
-253.85,271.39,-50.329
-230.06,277.87,-92.28
-159.06,71.087,-112.37
-69.906,-12.135,-106.46
-143.68,90.439,-113.97
-243.79,207.57,-83.588
-223.16,278.78,-77.089
-293.44,357.15,-39.894
-245.38,313.88,-55.758
-194.41,218.06,-74.833
-229.54,265.09,-97.617
-218.24,174.64,-65.256
-181.68,95.744,-76.475
-159.96,80.572,-113.94
-101.44,29.372,-113.09
-131.28,27.194,-115.99
-247.25,249.56,-100.16
-191.51,118.79,-71.84
-264.18,335.32,-90.292
-70.666,-20.968,-113.87
-167.44,108.12,-64.479
-102.3,47.75,-98.215
-312.56,374.68,-42.423
-211.01,199.81,-57.251
-103.48,50.772,-93.375
-85.483,10.39,-80.453
-273.02,301.58,-93.77
-296.64,348.06,-86.686
-164.27,145.97,-69.853
-149.04,110.46,-110.2
-214.49,191.87,-58.323
-181.51,168.47,-106.88
-120.39,76.522,-82.072
-215.87,208.81,-106.53
-195.14,185.75,-60.424
-218.97,207.26,-56.525
-241.2,267.53,-100.43
-94.019,-6.5161,-70.607
-166.44,144.32,-67.511
-245.56,215.34,-89.749
-215.07,244.85,-60.702
-308.36,356.02,-48.792
-132.56,45.234,-117.65
-187.69,204.54,-89.878
-138.92,101.7,-106.61
-120.36,-17.859,-87.79
-291.8,314.81,-80.535
-305.27,352.54,-80.721
-291.55,364.72,-38.465
-163.37,152.7,-99.359
-185.47,120.77,-109.75
-224.28,172.34,-93.048
-169.41,80.236,-107.96
-318.64,397.38,-36.981
-196.91,158.31,-61.141
-261.62,333.43,-89.718
-247.01,316.59,-86.561
-63.79,-24.162,-84.067
-314.56,359.31,-57.998
-72.287,-4.139,-100.16
-254.57,324.31,-50.165
-288.86,303,-75.825
-291.93,410.95,-40.486
-319.72,406.8,-80.712
-145.67,125.96,-85.653
-338.86,417.9,-45.015
-226.86,279.92,-86.891
-236.48,250.67,-102.37
-283.19,296.33,-82.976
-304.69,340.44,-56.186
-262.63,269.29,-94.73
-267.57,363.8,-79.573
-166.63,138.77,-109.52
-66.957,-12.554,-97.522
-143.35,116.82,-78.536
-257.61,302.37,-46.821
-219.98,186.64,-61.451
-162.81,142.06,-69.582
-318.64,382.63,-76.921
-289.01,400.63,-79.352
-285.1,295.15,-77.307
-281.16,339.02,-41.785
-301.42,427.44,-76.134
-252.02,292.89,-48.181
-166.48,128.06,-64.439
-190.85,112.89,-101.74
-263.82,366.88,-65.27
-99.244,30.917,-77.473
-278.24,317.86,-45.471
-270.19,369.07,-79.193
-102.17,30.716,-113
-176.25,138.77,-81.505
-220.79,201.45,-121.96
-250.01,303.06,-115.66
-244.49,252.28,-117.7
-63.124,-6.0354,-114.22
-273.71,293.22,-104.25
-181.1,127.95,-84.897
-184.34,201.36,-118.37
-265.46,278.92,-107.98
-243.48,313.01,-110.63
-215.13,266.38,-81.319
-200.82,239.19,-111.85
-129.58,27.438,-93.011
-116.56,73.135,-128.28
-82.353,3.8074,-135.17
-126.41,93.157,-94.154
-72.467,7.4387,-106.08
-76.418,-23.854,-139.49
-226.87,301.3,-89.085
-316.71,388.7,-64.888
-170.06,178.6,-91.198
-265.54,318.85,-63.721
-222.4,275.98,-112.16
-200.83,202.57,-76.879
-286.93,434.16,-75.826
-280.35,415.46,-68.827
-147.8,70.406,-87.72
-79.239,18.524,-104.79
-126.11,27.754,-134.05
-136.96,110.99,-125.54
-268.36,373.43,-64.574
-287.98,435.3,-70.229
-303.63,409.51,-52.051
-89.839,17.745,-92.617
-157.76,142.98,-126.25
-62.173,-23.861,-96.684
-195.2,231.94,-89.917
-184.24,214.28,-101.37
-102.89,45.069,-131.44
-115.38,7.3418,-134.34
-302.94,411.75,-102.09
-91.352,-9.7181,-139.21
-185.87,133.48,-127.45
-281.7,315.13,-72.119
-116.63,15.481,-135.71
-99.724,-15.924,-92.135
-153.59,98.145,-134.08
-83.051,-24.486,-139.76
-253.14,262.18,-114.08
-120.89,9.9639,-94.758
-203.61,144.6,-111.89
-311.6,411.2,-52.449
-132.62,115.99,-110.53
-240.87,323.58,-102.18
-263.36,291.73,-69.575
-320.54,423.97,-51.686
-123.76,7.953,-98.762
-304.1,386.81,-56.603
-268.44,378.74,-98.389
-78.03,18.272,-107.82
-279.2,305.7,-75.436
-112.09,65.059,-128.76
-213.42,214.08,-125.2
-150.99,131.54,-88.512
-98.591,-8.929,-90.121
-110.99,56.787,-131.85
-100.65,17.333,-137.91
-137.65,23.004,-112.34
-150.29,66.641,-130.97
-147.12,110.13,-131.93
-160.81,168.41,-107.7
-289.65,392.55,-104.27
-182.36,209.5,-96.772
-299.65,436.9,-53.976
-212.51,171.53,-87.646
-143.57,86.379,-84.891
-260.29,350.43,-105.81
-164.29,172.53,-96.771
-291.65,441.17,-65.984
-164.98,150.53,-84.593
-226.32,196.53,-115.19
-306.35,360.18,-72.62
-94.244,-34.11,-95.702
-228.44,200.63,-86.42
-248.83,232.84,-92.95
-90.962,-10.362,-139.23
-58.774,-15.398,-121.8
-91.227,7.848,-89.921
-260.17,273.01,-75.301
-214.65,273.9,-102.03
-154.26,125.48,-130.51
-227.64,269.16,-72.209
-288.98,435.77,-82.892
-166.98,147.5,-129.31
-130.36,102.01,-94.756
-214.15,164.92,-96.864
-221.4,287.81,-86.618
-197.8,153.94,-125.17
-93.274,-16.309,-138.6
-239.04,308.73,-109.43
-278.04,389.39,-100.94
-278.55,371.03,-106.8
-167.37,91.28,-91.129
-158.8,142.64,-86.39
-236.69,315.3,-78.208
-116.64,68.307,-130.71
-259.19,365.13,-72.473
-301.07,399.31,-53.375
-157.04,161.51,-106.3
-276.16,289.4,-92.773
-296.64,384.12,-105.03
-174.48,159.6,-128.75
-229.06,234.48,-73.609
-144.46,60.034,-132.55
-72.198,-9.5695,-94.851
-193.62,187.2,-78.123
-143.91,35.805,-118.57
-290.23,371.35,-106.83
-135.45,34.027,-94.315
-120.22,74.719,-130.36
-246.96,249.39,-115.47
-199.55,244.07,-93.817
-172.63,165.25,-126.41
-294.18,339.54,-70.637
-218.76,185.51,-85.509
-78.38,20.257,-113.5
-218.99,178.08,-113.72
-266.75,279.04,-78.533
-237.23,267.85,-119.86
-200.93,138.8,-100.32
-304.63,351.74,-84.843
-222.41,290.19,-100.15
-262.48,260.28,-94.242
-253.53,328.01,-66.236
-322.01,430.03,-50.5
-206.04,244.06,-114.68
-213.01,246.99,-76.647
-275.05,381.21,-102.41
-129.66,71.622,-135.12
-192.13,205.07,-80.703
-324.51,415.98,-93.976
-186.6,110.72,-108.09
-187.88,113.74,-111.44
-141.11,35.758,-124.37
-69.922,5.3585,-111.39
-170.78,125.05,-132.01
-251.61,260.47,-114.8
-278.35,326.74,-109.67
-289.6,378.71,-56.088
-309.84,404.93,-53.515
-204.41,164.94,-84.192
-152.67,87.753,-85.382
-185.57,211.5,-112.2
-141.99,105.06,-131.35
-198.67,243.18,-99.236
-134.59,41.955,-133.22
-213.96,240.6,-75.113
-129.08,65.706,-86.301
-149.12,49.329,-123.25
-106.71,53.11,-130.5
-57.407,-19.737,-105.44
-66.51,-3.1287,-106.04
-301.1,437.3,-95.618
-149.32,51.87,-124.94
-301.49,433.75,-97.019
-77.055,7.1556,-129.56
-163.58,129.21,-82.603
-286.34,431.5,-70.44
-162.62,125.48,-132.39
-110.31,-21.977,-106.73
-99.814,53.383,-102.2
-214.37,234.12,-122.68
-285.92,310.42,-89.47
-232.08,246.59,-121.66
-93.412,44.552,-119.14
-109.78,65.19,-126.34
-76.561,-21.024,-139.13
-210.7,267.8,-95.095
-279.44,413.8,-69.454
-136.75,54.604,-134.82
-191.37,226.11,-107.3
-236.11,290.39,-70.653
-309.29,422.88,-100.59
-312.7,406.18,-100.08
-289.85,329.75,-100.71
-114.93,-15.532,-109.54
-109.52,-2.7125,-134.76
-216.99,279.82,-99.494
-139.59,49.656,-90.359
-227.28,252.95,-71.644
-186.55,111.99,-113.27
-122.97,73.75,-132.35
-110.16,41.194,-88.602
-181.05,117.93,-88.766
-267.52,349.8,-61.665
-153.35,66.957,-128.85
-229.92,288.42,-74.434
-115.33,26.486,-137.41
-146.06,137.77,-98.917
-197.52,236.46,-89.315
-132.05,61.609,-136.15
-272.26,283.23,-98.759
-208.95,172.78,-122.63
-173.05,126.81,-82.727
-297.52,408.35,-52.95
-232.9,224.03,-119.26
-270.52,333.42,-61.868
-288.73,344.59,-106.12
-115.9,-11.828,-122.18
-217.9,220.31,-74.528
-273.67,400.86,-71.131
-248.76,252.97,-76.102
-252.47,284.76,-68.061
-177.64,98.564,-98.479
-313.62,418.77,-51.202
-265.89,276.75,-106.29
-244.05,330.74,-101.13
-234.15,295.8,-111.8
-269.42,391.25,-89.622
-235.31,256.86,-70.789
-189.66,123.79,-94.07
-277.52,404.1,-65.987
-250.47,292.15,-66.867
-207.5,174.41,-82.3
-117.09,63.182,-132.92
-95.663,50.216,-111.32
-275.24,356.17,-109.21
-182.46,155.99,-80.151
-255.52,363.58,-87.734
-177.49,94.706,-112.94
-190.29,222.51,-91.295
-182.94,154.37,-80.266
-232.35,295.99,-110.31
-159.04,131.96,-130.53
-109.78,-19.023,-102.11
-126.23,4.5329,-118.99
-226.79,300.73,-88.025
-94.74,3.7246,-88.909
-116.74,-10.042,-122.56
-206.07,147.71,-102.07
-112.63,63.596,-129.97
-326.17,420.6,-93.737
-306.14,355.24,-80.566
-152.36,129.53,-128.32
-233.9,201.96,-98.337
-269.11,316.12,-112.8
-295.63,424.82,-97.303
-266.49,297.7,-69.035
-288.71,316.53,-86.56
-289.25,397.01,-103.21
-117.06,81.89,-122.59
-222.46,292.04,-96.112
-323.76,415.41,-56.517
-212.85,195.19,-124.89
-266.21,317.42,-113.57
-233.75,226.19,-77.626
-309.77,367.42,-90.676
-248.75,316.77,-112.01
-318.6,384.21,-73.805
-231.58,224.93,-120.25
-146.42,127.95,-91.083
-178.5,96.297,-112.07
-277.39,372.76,-58.887
-76.772,15.927,-119.95
-215.71,182.58,-120.33
-236.57,215.08,-112.03
-290.86,429.42,-91.506
-210.4,233.7,-121.63
-169.46,184.58,-99.705
-199.64,238.69,-87.115
-223.56,283.98,-79.413
-147.43,130.24,-91.156
-266.1,373.24,-99.23
-176.38,99.011,-121.11
-245.72,225.67,-97.213
-197.51,226.44,-83.049
-335.61,421.49,-77.866
-169.85,179.06,-91.854
-119.88,-3.1276,-124.11
-156.67,65.814,-96.008
-321.12,410.9,-95.587
-233.36,249.23,-121.39
-160.02,149.32,-87.627
-99.861,-32.781,-129.43
-222.41,292.05,-90.883
-299.63,412.98,-101.71
-227.63,287.89,-76.406
-246.71,247.44,-77.126
-171.47,86.191,-117.88
-65.6,-1.8793,-112.81
-121.77,52.833,-136.45
-245.35,305.86,-67.895
-201.49,236.92,-83.391
-190.38,123.23,-117.98
-274.75,359.55,-59.528
-85.187,27.349,-102.68
-217.25,231.55,-73.758
-124.35,25.533,-134.39
-63.324,-18.769,-98.081
-167.98,172.04,-89.903
-127.95,49.079,-86.948
-190.45,184.63,-78.761
-320.24,421.69,-97.778
-195.16,126.68,-106.43
-219.46,285.01,-98.876
-64.85,-4.962,-121.42
-328.86,427.47,-54.727
-283.33,375.55,-106.65
-98.385,-43.939,-110.46
-61.486,-9.4687,-110.82
-202.92,223.79,-78.125
-230.65,246.98,-71.834
-182.42,116.63,-90.605
-195.04,145.55,-86.242
-122.67,97.875,-107.66
-113.35,75.587,-99.415
-297.57,343.06,-96.384
-296.71,334.85,-81.451
-190.15,198.5,-123.81
-117.47,5.6254,-132.37
-302.5,349.09,-90.409
-265.91,323.32,-63.124
-63.772,-21.346,-133.63
-125.52,13.152,-128.72
-94.702,30.626,-93.796
-219.57,256.03,-74.459
-311.82,424.02,-100.26
-201.1,138.36,-102.38
-128.04,75.091,-87.414
-244.04,223.85,-92.221
-81.674,-26.597,-89.922
-250.36,236.75,-90.93
-296.71,337.32,-93.376
-80.374,-17.702,-90.011
-288.73,435.78,-82.141
-238.8,327,-91.938
-165.49,177.31,-101.53
-233.27,311.99,-82.473
-197.95,149.07,-123.5
-191.51,224.26,-90.349
-189.52,126.53,-121.62
-123.85,0.22806,-107.99
-220.46,183.54,-115.37
-239.02,260.68,-70.49
-318.37,382.31,-79.353
-164.69,138.72,-82.889
-319.07,402.16,-59.234
-281.99,389.05,-103.06
-79.464,1.3876,-93.823
-172.94,135.06,-131.73
-180.92,132.45,-83.552
-311.82,402.88,-54.697
-181.13,176.55,-81.253
-167.96,166.77,-122.64
-226.21,300.14,-94.473
-257.74,345.84,-106.09
-82.813,23.492,-123.71
-280.54,411.67,-65.571
-105.37,9.8698,-88.659
-131.33,53.417,-86.85
-270.59,279.16,-98.376
-255.59,254.68,-108.43
-306.39,434.86,-98.314
-307.31,377.64,-99.035
-311.75,409.43,-52.9
-316.94,379.76,-75.998
-269.96,378.31,-64.5
-268.88,299.95,-69.477
-200.1,242.63,-107.13
-78.695,-12.185,-90.992
-197.41,226.48,-116.48
-133.92,28.605,-128.56
-219.32,187.43,-84.933
-73.646,-3.8428,-96.045
-113.66,23.18,-137.52
-103.46,36.564,-90.365
-272.35,384.88,-64.202
-308.42,381.42,-60.855
-204.91,238.37,-116.75
-110.33,4.6241,-136.17
-309.72,436.99,-49.37
-269.29,391.1,-72.428
-286.96,403.38,-56.876
-170.92,83.838,-102.73
-208.73,165.34,-119.96
-210.72,157.49,-98.931
-226.8,297.44,-101.87
-112.94,-1.9427,-94.451
-116.05,79.182,-98.154
-243.04,289.55,-67.988
-122.53,8.6575,-5.217
-173.35,62.131,-13.847
-264.52,281.03,37.389
-174.64,14.775,-7.1683
-117.19,-52.519,-21.853
-340.57,354.35,14.714
-241.21,187.71,-5.3438
-133.63,-56.48,17.361
-256.54,255.48,6.7922
-139.56,37.171,-3.7955
-143.41,1.3314,-18.522
-192.19,105.13,36.944
-124.04,12.74,-3.3089
-244.8,220.31,41.991
-209.39,130.38,39.865
-215.22,83.942,-0.073051
-301.28,367.87,41.433
-335.91,369.07,55.179
-249.03,166.71,39.891
-149.99,-23.495,-12.195
-178.04,109.05,22.185
-304.29,347.04,7.7045
-221.55,89.918,20.788
-133.68,-37.034,-18.497
-90.746,-39.576,3.6436
-125.93,-51.927,25.3
-295.38,246.13,38.041
-212.75,173.47,6.7791
-344.88,352.07,38.639
-227.32,100.64,7.3795
-270.64,229.09,46.974
-130.88,3.5792,-15.476
-284.41,288.94,50.232
-133.5,30.944,14.828
-173.21,2.6758,12.175
-261.72,165.53,18.631
-300.97,277.6,47.372
-122.38,-61.511,-18.619
-237.06,225.01,30.716
-205.45,58.403,10.237
-164.52,78.139,-3.163
-171.64,2.3101,-1.3811
-236.25,181.78,43.566
-171.65,72.88,33.434
-131.2,-57.507,-13.296
-252.6,256.58,12.797
-297.87,322.65,4.6057
-256.52,253.45,5.803
-261.89,168.05,12.09
-286.08,336.7,34.001
-285.7,216.77,16.438
-239.99,137.55,-0.47282
-274.53,196.04,11.337
-288.72,339.97,20.034
-282.31,246.62,0.27951
-250.49,249.54,10.389
-265.74,242.21,47.743
-292.75,324.68,7.2669
-213.82,110.79,38.497
-139,-10.881,30.704
-219.04,114.47,-7.9659
-250.15,247.21,9.1688
-334.12,332.92,16.757
-319.58,326.88,51.873
-160,6.1642,29.597
-152.25,-14.137,-14.079
-208.38,69.027,0.97893
-314.05,333.02,54.163
-358.02,384.54,23.958
-200.19,49.045,12.494
-198.01,121.69,-7.4194
-135.67,-16.457,-19.654
-295.06,359.08,29.515
-232.18,211.14,33.116
-284.81,270.6,50.18
-229.25,211.41,14.912
-263.12,206.96,-2.5682
-172.28,15.915,26.469
-186.63,90.642,-11.359
-248.11,138.55,18.619
-190.93,129.09,2.0546
-290.04,272.72,0.84035
-214.32,102.41,36.248
-128.5,-10.122,-18.447
-329.85,375.21,56.99
-213.44,93.727,-6.4118
-297.23,363.72,33.736
-103.01,-43.995,24.69
-365,404.07,22.545
-264.62,181.9,34.318
-300.7,277.71,47.546
-314.35,308.8,6.3638
-183.34,32.888,26.583
-256.28,194.58,44.216
-154.12,59.855,-4.3212
-208.97,165.83,28.721
-180.8,116.09,8.066
-333.39,389.56,7.8314
-282.8,330.19,30.549
-325.86,311.3,39.711
-118.66,-10.103,-14.106
-319.59,381.46,54.525
-292.01,330.68,47.355
-191.36,46.952,-6.6509
-260.47,194.13,42.702
-244.56,148.05,-0.4797
-285.97,283.41,1.0457
-197.28,95.066,38.263
-120.95,-7.7562,25.178
-252.91,150.28,10.536
-195.91,52.206,26.338
-166.19,-9.1424,11.802
-192.32,35.019,10.592
-204.86,116.47,-10.235
-335.49,414.03,10.911
-281.19,205.65,21.497
-332.23,382.84,57.479
-258.6,236.43,-0.89486
-300.71,364.73,18.781
-249.39,255.44,23.319
-316.04,350.07,5.3011
-255.82,264.11,34.383
-152.72,-23.258,20.5
-295.82,239.01,30.268
-309.57,332.57,54.166
-239,121.21,19.196
-288.18,232.98,7.7732
-171.61,6.0079,20.43
-248.51,253.01,26.631
-181.87,88.864,-10.351
-97.161,-40.515,-13.488
-309.84,268.86,30.084
-326.19,326.82,10.367
-265.15,258.36,1.9594
-312.03,374.45,51.297
-196.37,133.58,-1.2854
-345.34,361.56,17.271
-259.71,273.78,15.516
-100.05,-40.149,21.581
-100.74,-36.646,20.64
-303.69,354.44,10.319
-139.96,-50.869,13.115
-154.63,5.627,31.143
-159.22,-21.949,7.2186
-179.94,47.592,-13.59
-119.14,-12.802,25.591
-271.5,302.83,32.306
-291.47,295.17,51.539
-194.1,123.3,-4.612
-182.12,97.917,33.316
-192.82,79.31,36.99
-261.61,225.13,-2.9452
-270.31,297.56,17.207
-287.45,284.51,1.0413
-297.64,344.22,10.928
-261.7,281.48,20.799
-113.42,-44.355,-21.74
-243.77,228.49,5.1208
-296.7,343.69,11.489
-320.86,349.34,5.4316
-314.04,367.04,53.847
-161.07,81.027,14.401
-273.57,299.55,39.879
-283.37,222.51,7.1676
-263.96,170.07,18.634
-215.57,103.92,-7.7015
-337.52,373.81,8.5107
-306.7,334.85,4.608
-308.55,269.25,16.498
-132.83,-28.417,-19.835
-150.86,-34.158,11.938
-357.46,383.64,23.477
-167.18,25.198,-15.172
-262.63,184.11,2.0915
-347.59,356.07,27.819
-274.56,250.52,48.844
-146.08,11.133,31.98
-202.92,54.813,16.183
-325.54,353.72,6.2024
-270.82,302.9,25.851
-137.63,29.111,-7.8322
-304.97,375.96,42.47
-269.9,257.33,0.05062
-132.85,-66.443,1.8219
-340.94,341.15,35.562
-226.74,99.114,8.0111
-340.72,386.56,57.027
-246.28,157.31,-2.1785
-292.57,290.02,51.453
-138.92,39.215,-0.2448
-225.93,205.3,16.14
-224.76,143.64,-8.3399
-173.22,73.524,34.039
-222.46,112.99,35.716
-164.07,43.175,34.2
-300.61,348.71,10.403
-152.7,-1.6793,30.003
-313.69,309.76,5.8536
-348.77,396.44,10.629
-103.11,-19.363,0.173
-140.56,-37.022,-14.373
-249.29,241.84,6.8229
-208.21,134.28,-7.8651
-135.16,-9.5217,-19.281
-127.81,23.036,5.4145
-164.5,47.15,34.141
-147.62,11.323,-17.785
-138.27,-53.256,13.473
-343.25,375.49,53.59
-137.35,35.075,18.558
-318.22,288.03,22.102
-191.53,64.46,34.413
-100.51,-54.984,25.624
-294.63,295.33,1.7047
-204.26,116.46,-10.178
-158.74,-18.761,15.911
-121.4,-21.233,28.351
-324.09,301.34,23.411
-171.52,98.128,5.3628
-285.06,333.98,34.45
-125.59,17.729,0.47546
-187.55,128.62,8.6365
-213.65,106.8,37.682
-110.77,-5.8298,5.5797
-301.27,318.19,3.3133
-338.92,335.85,34.103
-299.21,349.98,47.675
-278.13,289.57,4.5707
-277.16,309.13,39.557
-342.9,398.35,8.7907
-98.797,-48.585,23.551
-294.3,357.29,30.912
-201.67,85.919,-10.745
-224.26,193,33.256
-129.2,-12.604,-19.07
-285.09,249.19,1.0816
-249.55,162.07,37.858
-155.75,-23.315,16.163
-299.63,355.88,14.533
-280.06,314.14,40.991
-109.51,-38.718,-19.959
-258.92,177.2,37.452
-309.94,334.88,4.2988
-230.9,214.82,26.304
-168.43,89.371,23.118
-279.36,311.11,41.646
-146.35,-39.772,14.328
-273.18,243.77,48.392
-207.27,156.38,32.474
-94.814,-33.373,7.2527
-110.4,-36.87,26.616
-124.77,-29.316,29.319
-274.02,210.06,40.281
-193.22,55.99,30.675
-318.85,413.53,27.995
-249.59,144.79,26.09
-252.22,181.6,42.677
-242.48,239.72,26.748
-260.31,205.17,45.178
-314.81,405.75,33.173
-328.17,327.3,46.562
-335.67,413.08,10.657
-358.81,396.78,17.767
-202.72,157.48,23.449
-166.31,13.864,-13.504
-136.6,38.087,6.0032
-250.51,143.38,19.564
-344.77,378.56,11.314
-206.8,86.608,34.693
-210.03,85.66,-6.2834
-358.44,396.2,49.955
-89.303,-42.006,3.5306
-247.95,191.69,44.914
-199.43,146.14,28.273
-155.66,31.583,33.046
-325.77,321.93,46.316
-321.08,294.84,32.623
-153.67,-31.266,3.1824
-316.73,283.5,26.028
-142.02,31.95,26.369
-150.84,-34.687,10.998
-209.68,116.32,-10.296
-221.79,158.73,-6.4601
-289.99,241.45,41.276
-281.8,212.2,32.284
-308.44,365.36,10.953
-189.49,64.955,-12.426
-222.34,190.11,32.351
-291.66,338.78,14.222
-184.24,24.402,-0.21062
-330.72,318.91,21.101
-340.44,338.95,32.877
-170.11,46.722,34.838
-139.24,-53.677,10.629
-318.93,414.95,30.708
-267.97,180,13.594
-316.32,359.44,55.218
-212.67,156.7,-3.1134
-270.67,280.67,6.1802
-326.73,319.91,44.292
-285.26,320.59,44.407
-148.2,-38.764,-2.3507
-222.14,94.01,24.691
-165.39,0.46629,23.536
-283.61,303.58,48.005
-181.06,111.53,1.606
-136.15,37.35,6.175
-255.64,268.56,21.174
-172.12,7.6409,-5.6315
-152.75,43.472,-11.947
-222.95,199.45,16.508
-237.6,230.18,23.213
-212.05,107.91,-9.6727
-290.28,345.72,35.915
-342.92,363.34,49.402
-211.76,92.823,34.29
-330.7,373.73,56.844
-319.45,415.67,38.387
-153.08,-14.511,-13.365
-286.34,218.82,29.252
-316.41,302.95,9.2284
-319.72,363.03,55.82
-171.39,8.5736,-7.2166
-235.31,192.48,-3.0766
-310.42,283.05,42.273
-264.38,226.82,47.277
-241.6,129.62,7.0859
-289.62,238.17,39.962
-144.2,-18.851,-17.293
-276.72,255.46,49.168
-281.7,327.1,24.234
-268.7,192.87,36.482
-258.08,164.54,30.247
-301.6,260.51,39.369
-208.99,73.119,26.052
-194.38,43.485,-0.34935
-201.17,111.13,38.924
-300.43,271.31,45.616
-254.32,259.73,35.078
-156.06,-19.435,19.463
-191.57,63.063,34.018
-328.24,421.64,17.989
-292.82,287.35,51.269
-151.77,-34.304,7.7606
-191.16,101.19,-10.314
-248.23,242.9,36.672
-158.41,2.0524,-14.891
-304.37,372.14,18.43
-315.91,376.75,10.111
-201.61,61.788,-3.5275
-131.45,7.7299,27.199
-186.83,118.98,28.741
-358.08,383.41,40.848
-257.3,268.07,14.707
-200.09,56.789,24.721
-333.93,379.66,7.4231
-233.2,144.29,40.256
-112.72,-28.947,26.162
-288.47,224.26,14.609
-96.914,-34.953,-8.7178
-269.25,184.26,28.57
-319.07,308.27,46.179
-142.65,47.835,13.899
-131.9,-61.229,15.58
-240.2,206.85,-1.1631
-255.15,169.41,0.87099
-315.78,380.5,11.328
-313.25,298.49,46.793
-190.4,130.74,25.429
-122.55,-41.789,-21.249
-190.64,104.92,36.351
-338.89,338.62,38.562
-283.32,318.76,12.578
-267.38,247.22,47.936
-99.098,-25.503,3.3352
-201.56,90.231,-11.176
-138.5,10.071,30.145
-345.69,381.39,54.004
-247.25,208.25,44.888
-212.09,111.82,39.03
-264.39,278.08,39.027
-255.59,255.34,39.474
-269.53,185.99,29.975
-164.8,84.469,2.4281
-185.3,121.84,24.018
-241.07,237.43,20.194
-136.26,4.7762,-17.107
-183.97,56.568,34.756
-251.85,181.7,42.824
-252.11,219.2,45.515
-307.93,358.5,-2.9567
-226.37,88.071,7.0517
-262.13,169.55,19.304
-197.84,30.273,-9.8109
-256.73,235.52,-14.371
-360.44,367.67,16.588
-270.47,204.32,25.986
-191.99,123.26,-3.6035
-303.58,319.47,-13.83
-198.94,46.391,9.3223
-213.54,159.89,-11.853
-298.45,242.53,-12.293
-269.82,265.02,23.539
-261.65,220.33,27.397
-358.82,388.39,34.573
-145.3,-59.117,-18.373
-154.21,29.003,-32.213
-321.17,376.89,33.146
-323.97,309.29,30.248
-330.74,417.53,27.206
-203.16,127.99,14.538
-174.96,1.7795,-26.99
-223.53,184.2,3.723
-276.45,259.02,28.96
-343.21,335.07,23.91
-210.67,131.91,-24.793
-338.02,343.36,-9.2682
-211.85,106.34,-29.494
-263.92,165.13,-14.931
-248.2,149.55,20.401
-114.17,-49.554,8.2344
-229.93,182.67,-16.813
-134.94,-70.308,-28.921
-243.53,115.03,-8.2541
-167.2,25.225,-35.203
-337.08,318.96,21.636
-324.73,402.49,2.4837
-114.02,-24.385,0.71155
-249,232.03,-7.1062
-278.06,242.4,-20.269
-172.76,8.2045,-31.486
-264.53,270.35,2.0493
-199.01,121.07,-21.639
-222.97,158.18,19.729
-238.07,115.86,-19.197
-205.66,92.898,19.649
-146.41,-50.745,-27.689
-246.13,182.78,25.418
-303.83,271.91,29.704
-163.42,4.423,12.296
-122.02,-56.394,8.8453
-218.43,113.95,21.049
-305.9,365.93,14.089
-98.794,-39.938,-16.001
-203.01,131.54,12.82
-321.79,320.92,34.036
-198.87,32.138,-7.3927
-300.53,279.38,-17.282
-210.36,149.94,-15.624
-273.69,215.54,-20.933
-170.56,40.445,15.515
-212.04,117.56,20.783
-138.07,-60.229,0.41137
-322.58,278.79,8.1693
-335.65,309.85,5.476
-263.26,153.42,4.1922
-310.77,377.58,13.291
-268.37,279.05,9.9426
-181.8,52.438,-33.306
-152.29,-2.1831,12.874
-292.85,290.09,-16.332
-291.15,210.19,6.2037
-126.81,-53.1,-39.997
-152.59,-41.416,-26.01
-193.28,108.56,13.548
-264.39,184.11,23.215
-207.08,69.336,14.205
-292.03,244.12,-17.131
-300.32,281.89,-17.342
-120.24,-25.494,-35.171
-232.01,123.23,-25.715
-137.53,-7.2201,10.762
-172.97,13.062,11.33
-197.4,56.354,-29.672
-304.22,246.26,-7.1306
-336.98,327.69,-5.6492
-353.49,363.77,28.349
-252.9,138.3,10.09
-227.38,108.84,-25.246
-117.87,-60.218,-41.294
-114.15,-60.342,8.5802
-200.1,118.15,15.553
-175.22,6.8841,7.4182
-249.47,136.11,13.15
-284.39,292.45,27.265
-112.74,-17.047,-10.316
-205.06,103.65,19.89
-232.66,145.66,23.311
-234.94,152.66,23.764
-286.26,312.63,20.746
-225.67,186.44,7.9196
-155.28,-40.419,-21.575
-125.73,5.2843,-10.196
-197.7,123.57,-18.825
-281.3,300.78,20.354
-199.52,66.555,16.532
-303.66,359.47,16.928
-306.55,273.23,-14.504
-314.72,261.94,10.975
-208.06,48.628,-4.9346
-249.78,222.62,-14.503
-351.2,347.67,5.6343
-251.28,219.78,22.603
-213.17,101.32,20.037
-295.59,230.02,-9.8798
-119.44,-58.779,-41.112
-230.23,191.75,-11.015
-187.2,47.657,15.651
-260.14,170.62,21.061
-308.47,286.14,31.247
-98.9,-45.694,-28.102
-226.84,82.636,-7.5267
-274.02,200.83,-18.769
-169.36,-6.4327,-28.419
-221.09,141.57,21.565
-138.7,4.9071,-33.234
-296.26,248.6,26.781
-259.71,180.66,24.171
-337.86,315.07,5.6401
-208.13,85.913,18.411
-297.52,318.91,-11.213
-199.95,138.41,-3.2592
-252.31,244.52,3.5027
-190.02,39.929,-29.818
-351.61,358.2,27.398
-108.36,-36.267,-32.013
-255.23,170.9,-22.868
-310.67,256.79,16.064
-326.15,364.38,-11.787
-350.13,352.49,25.744
-124.06,-47.497,-40.47
-197.86,42.144,-24.439
-297.04,333.73,24.661
-160.1,64.953,-6.8042
-263.12,211.3,-22.346
-136.35,-56.032,4.1248
-101.64,-46.918,0.19575
-287.31,301.48,27.024
-335.97,322.19,-4.4475
-234.66,156.98,23.86
-346.59,334.87,8.8575
-278.91,185.89,7.7238
-287.78,272.67,31.323
-226.19,190.1,1.4535
-229.86,113.45,17.797
-196.7,93.028,-29.789
-159.38,15.199,14.08
-102.99,-33.758,-20.093
-289.76,270.67,31.592
-343.76,335.68,23.491
-279.52,280.7,26.755
-324.72,348.84,36.764
-271.03,266.4,-12.339
-165.42,44.204,-32.12
-211.93,106.9,-29.464
-101.99,-42.841,-1.9365
-145.33,-56.88,-23.214
-226.46,190.26,3.6872
-125.56,3.3771,-19.433
-136.22,19.979,-20.578
-243.2,147.23,21.846
-276.6,233.83,-20.734
-223.75,182.28,8.0291
-154.65,-12.974,-35.851
-182.24,98.963,-17.447
-314.35,271.58,21.781
-328.8,323.26,-10.973
-293.91,216.58,8.1913
-310.92,272.44,-11.259
-231.11,188.22,-14.82
-259.31,145.39,3.2094
-198.87,95.656,-29.751
-335.73,309.61,13.108
-242.84,164.76,-25.42
-159.44,-23.883,3.2288
-323.47,329.8,-13.774
-120.21,-20.998,-33.16
-193.7,52.323,14.817
-293.12,318.72,26.61
-211.6,137.96,17.698
-356.88,375.17,-2.8212
-153.82,17.413,-35.124
-265.62,202.74,-22.27
-346.15,412.53,-8.5912
-154.98,-35.504,-0.34829
-135.23,-70.243,-28.52
-278.69,183.81,0.43031
-354.84,356.35,6.0625
-157.99,-13.613,9.1316
-326.72,288.64,11.319
-204.82,44.16,-1.7845
-352.44,359.27,-1.0817
-194.15,49.367,13.722
-219.35,156.04,-20.918
-215.03,71.304,-21.345
-233.37,204.44,4.3294
-167.11,-7.6513,6.0717
-145.69,39.741,-9.231
-108.79,-25.648,-6.8002
-194.17,126.54,-8.3007
-270.82,239.55,28.72
-287.16,292.45,29.114
-152.66,30.077,-31.031
-132.62,-45.416,9.0294
-325.13,354.05,36.947
-320.33,378.75,31.995
-307,333.62,-11.899
-289.51,274.81,-17.938
-309.32,249.71,9.5599
-271.65,169.81,3.8103
-213.15,161.81,5.7308
-319.36,273.19,1.6084
-211.59,142.95,16.127
-286.29,317.06,16.938
-241.91,213.44,-11.244
-216.4,147.18,18.367
-118.56,-46.498,-40.164
-293.32,327.95,22.48
-202.55,136.61,9.0858
-310.32,251.82,9.38
-107.62,-25.164,-13.426
-235.72,99.695,-0.11399
-331.97,322.72,-8.6602
-229.22,160.52,22.339
-298.4,311.79,-13.658
-211.39,105.08,-29.571
-236.73,144.91,22.944
-187.67,69.377,17.692
-343.03,414.1,-7.4328
-124.29,-26.586,8.7008
-217.41,65.483,-9.2854
-108.85,-23.091,-15.883
-252.72,216.97,-18.771
-240.46,201.28,19.825
-149.99,-33.866,-33.165
-366.34,388.07,26.2
-201.57,141.52,-2.4305
-146.98,16.711,-33.057
-354.75,402.52,-8.9577
-134.93,-20.894,11.123
-196.9,130.43,3.4444
-344.17,415.01,-7.6302
-277.71,300.08,11.134
-229.64,155.72,-25.444
-325.86,309.42,29.039
-350.01,347.36,2.7251
-356.72,361.21,5.8271
-131,-47.561,-39.369
-262.9,176.48,21.527
-266.83,193.46,-21.115
-329.71,320.53,30.399
-312.65,282.77,-12.737
-288.98,284.62,31.019
-157.52,-32.345,-1.0447
-335.33,402.44,36.889
-363.4,374.3,12.626
-183.16,53.871,16.901
-177.79,15.238,9.5961
-272.87,285.78,15.805
-244.76,227.22,8.3241
-255.53,139.83,-9.1257
-258.1,256.09,9.4855
-314.06,377.84,1.2803
-210.21,109.23,-29.28
-307.81,351.76,29.275
-239.49,126.64,-22.2
-122.82,-42.096,9.6598
-177.67,4.8241,3.8084
-200.93,115,16.958
-309.38,321.73,-14.781
-216.44,143.73,-23.799
-138.66,-63.935,-28.49
-244.55,227.35,-0.84894
-352.17,352.54,2.9637
-283.31,228.79,27.189
-141.2,21.847,-26.326
-138.59,-45.218,7.1616
-293.66,272.78,-18.207
-105.46,-51.649,-37.471
-295.25,341.05,10.154
-335.03,403.75,36.496
-364.65,404.38,-4.8217
-131.53,5.833,-27.146
-258.73,144.5,3.7458
-193.73,41.291,-27.766
-280.22,303.45,0.69207
-309.59,268.37,25.028
-253.99,145.65,-16.458
-326.83,365.48,37.149
-272.83,255.76,27.833
-277.7,247.28,-19.83
-202.6,41.008,-15.803
-115.01,-41.082,-38.123
-193.56,57.944,-31.454
-274.47,184.24,15.107
-263.69,252.54,-12.393
-311.1,342.55,33.584
-274.74,293.8,6.4819
-230.62,194.09,-9.4778
-278.5,233.46,-20.514
-238.83,157.36,24.111
-204.42,76.995,17.504
-205.51,49.547,-19.247
-150.18,-2.0483,-37.216
-175.92,-3.3092,-21.732
-292.29,218.98,-7.8178
-213.02,100.85,19.992
-312.34,304.28,-15.468
-118.57,-51.744,-40.804
-187.76,91.686,14.96
-145.08,20.105,-30.652
-330.54,359.46,37.493
-231.88,183.31,18.806
-143.75,24.562,-27.144
-116.3,-10.639,-15.803
-316.91,271.74,-3.2791
-338.62,319.36,2.1709
-193.34,125.65,-1.9666
-198.57,78.402,-31.312
-234.24,175.65,22.279
-231.2,136.26,-27.042
-154.79,53.493,-16.276
-264.62,176.56,-18.824
-218.75,168.08,11.373
-239.01,191.06,21.752
-289.95,235.56,-16.706
-115.47,-23.051,1.5437
-193.58,124.96,1.5461
-280.42,189.75,9.1399
-243.28,225.11,5.3978
-328.12,339.54,35.624
-180.35,13.326,-27.514
-231.68,176.15,-20.935
-187.09,70.656,-31.806
-145.07,-37.703,6.7319
-326.68,289.53,13.775
-342.96,325.98,10.381
-309.79,350.07,31.401
-210,122.66,-27.067
-229.53,90.412,-13.12
-258.99,146.76,6.9205
-209.86,51.66,-9.1585
-335.58,383.03,38.554
-216.85,141.97,19.804
-309.66,302.53,-15.948
-293.65,286.74,-16.998
-95.853,-45.753,-20.952
-338.78,340.1,31.157
-114.53,-31.382,-34.247
-280.56,305.98,13.003
-320.04,279.66,19.137
-317.54,393.24,16.638
-362.18,378.2,2.8952
-184.22,100.64,-18.919
-359.41,401.09,38.006
-272.34,250.74,-18.128
-284.87,218.7,-15.997
-318.48,270.76,12.346
-327.12,322.24,32.38
-304.54,240.26,-0.58029
-313.01,334.84,-13.583
-216.44,106.44,-28.953
-107.55,-38.826,-32.831
-177.09,94.098,-12.133
-278.18,286.43,23.681
-239.77,170.03,24.543
-191.46,121.95,-1.4596
-355.88,356.45,12.207
-335.46,371.03,-11.84
-316.71,271.55,18.126
-299.64,324.08,30.375
-347.47,398.15,-10.06
-273.07,276.69,22.192
-189.67,110.53,8.6486
-228.37,85.784,-1.6026
-302.38,342.06,-5.652
-128.69,10.535,-11.605
-296.42,302.71,32.022
-315.66,340.1,-13.324
-150.9,-0.70353,-37.12
-208.66,115.84,-1.9592
-276.26,165,-25.704
-310.51,264.91,-33.664
-300.21,215.85,-23.634
-114.63,-38.145,-49.724
-322.18,260.55,-8.497
-213.05,104.8,1.3558
-244.43,163.95,-43.784
-315.57,245.36,-11.921
-303.72,275.54,-36.435
-257.78,239,-16.636
-259.43,202.78,-40.338
-161.72,4.0814,-5.1507
-177.01,35.477,-52.919
-143.41,-34.331,-57.649
-168.73,65.78,-26.93
-119.56,-22.275,-42.046
-137.19,-62.234,-56.322
-276.5,270.29,-26.01
-348.41,365.88,18.568
-214.45,150.15,-24.506
-296.36,297.16,10.466
-282.28,238.77,-38.912
-234.9,179.14,-2.8769
-336.36,403.77,-20.068
-324.51,387.9,-13.035
-179.53,47.496,-3.1486
-125.9,-10.98,-40.405
-181.85,-8.7768,-38.703
-197.33,73.364,-50.14
-306.59,348.74,-4.4223
-334.25,406.68,-15.502
-333.38,388.89,14.885
-127.66,-7.2633,-24.775
-219.11,104.64,-48.078
-101.62,-49.545,-31.641
-241.59,202.52,-24.628
-236.6,181.54,-34.552
-163.76,7.1091,-55.018
-170.45,-28.818,-39.133
-361.07,375.18,-24.541
-151.18,-47.897,-51.665
-241.48,96.88,-30.152
-313.76,291.91,14.353
-173.34,-21.473,-41.843
-130.88,-38.429,-8.9694
-213.95,59.462,-43.449
-142.68,-62.536,-52.549
-306.61,226.87,-18.782
-153.19,-13.521,-6.3898
-248.82,113.35,-11.293
-340.35,390.83,18.647
-186.08,82.589,-42.563
-298.31,288.07,-34.519
-294.14,269.49,12.611
-348.98,403.67,20.64
-157.5,-16.524,-7.2354
-333.21,365.99,18.257
-326.27,343.09,-31.855
-126.56,-12.243,-43.342
-312.28,281.78,13.121
-172.51,27.418,-53.505
-273.77,175.52,-36.072
-190.93,105.33,-19.689
-129.78,-31.234,-10.105
-172.21,18.545,-54.098
-161.75,-21.333,-53.21
-178.51,-5.7582,-14.072
-205.22,30.416,-33.8
-209.09,71.124,-48.981
-214.71,134.76,-39.495
-348.8,355.54,-28.233
-231.85,178.37,-30.716
-334.93,414,3.1722
-246.23,147.02,4.5665
-176.67,63.273,-8.0383
-319.89,313.47,-33.991
-212.02,142.31,-30.316
-335.68,413.79,-11.852
-202.77,125.36,-14.192
-276.33,162.79,-15.92
-340.36,335.84,14.992
-125.91,-57.095,-9.559
-262.55,175.88,6.1701
-287.27,205.5,3.4716
-150.79,-48.538,-51.72
-114.03,-49.655,-55.307
-125.94,-15.706,-19.039
-292.18,249.78,11.831
-269.99,239.55,-34.97
-216.24,86.517,-48.27
-263.31,245.23,-3.2961
-342.2,403.18,-24.782
-228.98,108.48,-46.459
-173.51,74.198,-27.7
-251.82,137.94,0.35637
-268.81,257.99,-23.332
-252.76,117.66,-27.524
-151.51,-53.836,-48.185
-298.83,271.61,-36.806
-337.01,352.94,-31.409
-338.19,333.72,-30.282
-200.29,67.315,-0.62673
-197.64,116.96,-16.816
-280.36,287.56,-16.121
-177.77,30.14,-53.341
-302.37,337.85,-13.318
-330.63,378.67,15.365
-209.91,128.45,-38.569
-317.25,260.7,2.8156
-353.78,347.72,-22.371
-236.46,120.55,-45.253
-260.52,212.02,6.5146
-200.43,23.327,-36.425
-110.75,-34.854,-28.65
-227.59,163.78,-3.4929
-188.86,4.7593,-18.988
-347.81,334.69,-23.71
-168.15,10.248,-4.7048
-181.38,36.528,-52.886
-300.59,213.96,-19.674
-248.98,213.02,-28.649
-234.4,126.53,-46.158
-326.48,316.22,15.543
-252.06,161.29,5.7225
-130.3,-12.137,-48.078
-266.99,145.37,-13.626
-300.19,254.84,11.365
-297.6,229.5,-33.967
-239.37,111.36,-2.2715
-344.62,323.88,7.0848
-277.52,256.02,-33.825
-302.91,231.87,2.3252
-289.19,304.34,-0.99279
-350.34,409.88,20.628
-265.94,206.8,-40.939
-250.79,221.98,-8.6328
-334.27,344.55,-31.871
-191.34,32.638,-50.231
-230.25,179.8,-11.516
-374.76,382.98,-7.2
-228.16,81.474,-8.2748
-231.48,83.361,-10.992
-189.8,2.7229,-25.023
-120.16,-26.068,-46.97
-230.53,86.589,-39.841
-305.53,224.93,-19.721
-333.59,290.85,-19.729
-319.95,357.64,12.707
-338.65,384.45,18.646
-236.78,141.4,4.4968
-184.58,64.944,-3.6043
-243.37,175.57,-41.292
-203.88,66.204,-49.998
-251.17,210.42,-33.054
-190.26,5.4223,-37.342
-249.84,216.47,-5.0565
-162.78,42.414,-11.408
-197.58,16.391,-23.522
-167.46,15.241,-54.446
-103.17,-48.677,-42.278
-113.23,-32.614,-42.356
-359.44,401.31,-28.049
-199.04,18.276,-25.439
-360.05,397.53,-27.87
-136.4,-29.692,-57.347
-197.6,105.71,-7.2755
-332.51,402.92,-15.497
-224.13,86.409,-44.925
-146.87,-48.161,-12.345
-146.04,24.038,-36.768
-275.87,195.34,-39.412
-326.26,282.21,4.8326
-291.49,208.49,-32.122
-149.06,9.9562,-50.861
-169.29,28.173,-53.007
-137.49,-59.433,-56.787
-262.05,235.74,-30.15
-323.89,386.07,-13.55
-194.65,17.023,-41
-247.37,191.29,-38.464
-272.27,266.32,-3.4201
-366.95,386.56,-22.992
-367.18,371.1,-15.796
-338.4,297.2,-7.153
-153.1,-42.677,-13.725
-164.52,-38.812,-39.893
-271.3,246.09,-33.411
-171.45,26.537,-3.8449
-260.49,230.03,1.6423
-231.19,81.047,-12.648
-184.61,35.142,-52.554
-145.24,17.383,-16.878
-213.8,94.085,1.2724
-301.05,327.23,4.1893
-206.58,31.561,-30.517
-269.05,262.9,-9.2887
-174.73,-11.66,-47.082
-193.56,107.66,-32.301
-243.76,207.12,-24.153
-192.5,22.966,-46.752
-316.57,252.74,-2.2121
-263.03,136.96,-24.666
-205.1,103.94,-1.2511
-328.72,387.16,11.031
-287.74,187.93,-23.259
-301.38,311.82,10.508
-342.53,309.48,-16.254
-161.46,-43.106,-23.947
-249.97,197.67,3.5409
-318.34,372.95,-14.384
-280.56,229.88,10.511
-283.43,262.74,9.563
-213.8,72.485,-2.5016
-342.33,398.51,18.559
-314.68,243.86,-9.7493
-301.3,295.36,-33.973
-294.39,258.33,-37.668
-323.88,357.77,-28.205
-267.11,234.47,5.7556
-224.61,98.463,0.4276
-319.06,377.87,-9.1755
-282.14,270.01,7.1879
-239.53,151.14,4.96
-178.67,24.614,-53.289
-147.3,17.922,-45.215
-334.8,318.69,-29.707
-215.34,132.93,-2.3686
-307.68,331.36,-26.674
-221.23,64.258,-12.554
-237.05,192.87,-25.758
-215.57,131.39,-1.7119
-292.12,258.88,-37.614
-221.04,92.922,-47.43
-144.26,-43.936,-9.9642
-170.36,-26.008,-20.341
-275.76,270.09,-25.081
-127.68,-19.089,-15.055
-162.61,-41.486,-24.274
-245.77,119.54,-3.262
-173.43,25.681,-53.696
-376.61,387.53,-7.4124
-343.95,328.64,10.212
-214.01,90.941,-48.848
-273.86,173.7,-0.23012
-326.33,279.28,-24.333
-354.2,388.65,-28.848
-297.21,275.5,13.078
-327.75,289.08,6.8848
-348.49,360.08,-28.946
-175.43,45.593,-50.817
-275.55,259.05,-31.235
-353.15,394.23,21.266
-270.55,157.69,-30.674
-324.56,280.1,-26.957
-265.47,203.18,8.5258
-354.23,337.19,1.0001
-309.32,278.97,-35.562
-354.32,358.92,14.117
-287.34,188.4,-25.039
-188.13,100.85,-23.232
-221.78,66.096,-11.776
-310.71,350.42,5.3006
-131.99,-18.366,-52.683
-268.62,147.35,-21.885
-285.48,181.95,-13.021
-347.69,394.55,-28.466
-271.98,195.05,-40.758
-219.53,153.09,-33.111
-244.57,210.05,-21.9
-266.02,256.76,-15.458
-189.32,103.06,-23.372
-324.08,337.49,-32.245
-225.47,65.691,-20.707
-286.13,197.18,0.50613
-238.89,199.61,-16.442
-375.6,393.93,9.908
-214.71,150.36,-25.26
-166.98,-35.245,-25.675
-190.79,41.041,-3.0938
-372.19,377.47,-8.9023
-292.74,211.15,-31.947
-200.25,122.97,-19.003
-149.53,-66.162,-32.597
-272.59,260.71,-27.254
-358.32,376.28,-26.5
-268.2,261.64,-11.962
-278.69,224.21,10.153
-217.9,54.287,-17.314
-116.43,-33.621,-48.432
-183.06,13.968,-50.309
-280.4,282.37,-0.51484
-243.76,209.66,-17.473
-238.48,90.418,-17.333
-307.1,337.56,7.1319
-130.79,-1.6123,-37.944
-250.54,208.52,0.49196
-180.3,-11.091,-39.328
-104.04,-45.097,-33.533
-211.14,144.23,-22.793
-159.95,26.398,-7.7186
-225.01,160.96,-5.046
-374.17,386.95,-14.219
-236.41,97.611,-6.7358
-273.68,251.35,-33.031
-120.21,-39.302,-54.568
-357.96,406.51,22.055
-342.64,338.32,-28.741
-136.2,-70.825,-15.651
-110.92,-40.416,-47.053
-240.2,198.97,-8.7982
-262.54,224.51,5.1586
-215.77,92.357,1.0214
-227.6,121.85,3.1895
-173.86,65.768,-40.799
-158.59,46.726,-33.337
-344.11,311.62,-3.2839
-333.94,308.5,10.061
-251.82,159.86,-43.799
-170.82,-29.703,-35.931
-345.63,319.5,2.3645
-296.94,301.6,9.8412
-123.91,-58.736,-59.791
-176.39,-20.958,-30.713
-134.06,4.8443,-26.638
-256.17,231.62,-5.8279
-368.99,387.89,-21.618
-240.6,110.29,-3.624
-163.83,50.892,-15.582
-281.72,196.94,3.9033
-113.42,-48.879,-14.501
-287.93,209.93,4.7593
-340.94,307.08,0.1943
-113.62,-40.557,-17.896
-341.58,403.41,-24.352
-291.36,294.43,-28.841
-216.31,145.41,-34.662
-279.5,282.87,-20.387
-251.28,113.59,-24.738
-237.76,194.9,-24.84
-240.26,92.353,-21.574
-161.68,-26.748,-12.01
-269.87,150.1,-15.632
-270.5,238.4,6.9956
-356.97,355.36,10.28
-199.97,114.69,-9.6191
-349.02,380.56,20.347
-341.37,352.16,-30.679
-117.61,-23.734,-26.886
-233.51,96.278,-41.294
-212.76,109.48,0.97865
-340.65,382.25,19.468
-217.67,151.98,-9.947
-228.68,128.9,-46.383
-278.81,267.46,-30.185
-317.33,308.89,-34.326
-140.07,-12.043,-54.312
-322.34,385.35,-9.3248
-137.08,-12.578,-10.563
-163.25,30.732,-6.969
-314.43,248.91,-1.687
-304.44,221.69,-10.868
-364.94,398.46,-26.382
-358.28,344.09,-9.7854
-340.48,389.02,18.901
-353.58,353.92,12.773
-308.53,353.48,-4.8691
-299.73,277.63,13.458
-256.67,207.49,-38.126
-113.55,-35.739,-21.213
-257.49,189.09,-42.148
-185.29,-5.7891,-30.272
-252.45,163.33,5.9236
-113.38,-29.724,-30.401
-172.97,-14.92,-47.158
-140.11,12.055,-20.721
-311.21,359.93,-5.1825
-338.38,359.79,19.034
-265.4,200.69,-41.519
-166.96,-32.261,-42.638
-340.61,416.12,12.441
-314.15,363.05,-15.047
-321.59,380.61,3.4219
-208.66,56.809,-5.3303
-260.34,130.73,-20.584
-249.15,130.05,-1.0362
-283.06,262.6,-34.738
-144.89,-25.159,-7.2461
-160.58,50.684,-31.87
-276.34,266.76,2.8306
-104.34,13.608,63.602
-158.03,64.453,70.533
-233.87,293.2,98.412
-148.89,21.786,90.149
-100.91,-49.893,65.554
-318.76,359.86,103.25
-225.94,189.98,79.408
-91.912,-40.316,106.19
-240.95,258.88,77.803
-121.36,42.042,66.154
-127.85,3.6702,67.471
-150.93,122.3,107.78
-105.06,18.164,64.741
-206.88,236,108.3
-166.82,148.12,112.52
-187.57,91.87,98.721
-273.54,378.84,97.33
-294.35,386.31,127.34
-204.19,184.82,124.67
-126.31,-17.466,83.302
-148.14,120.54,87.22
-292,348.64,79.231
-181.9,104.48,116.6
-114.64,-33.218,73.07
-66.798,-31.107,66.218
-81.799,-33.941,106.55
-253.99,262.13,126.71
-193.94,178.68,76.556
-308.61,365.51,124.73
-195.58,110.73,106.51
-226.43,247.39,124.35
-116.2,6.0394,61.985
-244.04,305.89,117.35
-105.16,41.676,78.78
-135.26,16.352,107.68
-226.29,177.73,115.97
-257.64,295.2,127.92
-102.12,-57.089,73.617
-207.49,236.45,93.857
-170.33,70.375,108.45
-147.02,82.479,69.025
-141.5,11.635,96.488
-193.74,199.52,115.8
-131.69,89.464,102.7
-106.91,-51.108,81.585
-234.52,261.59,79.833
-285.15,324.19,80.27
-241.2,256.64,77.622
-230.43,178.06,110.33
-261,346.1,91.983
-254.13,226.95,113.13
-215.37,143.94,97.014
-245.02,205.06,108.85
-271.41,344.93,81.833
-264.46,249.91,90.13
-233.18,254.04,78.823
-223.78,259.77,118.33
-279.75,326.65,78.791
-168.54,129.39,119.7
-95.07,7.3925,106.25
-199.27,118.51,85.985
-233.26,251.43,78.371
-309.42,339.84,107.35
-277.08,344.36,127.71
-115.2,24.396,112.47
-130.49,-9.0675,80.434
-179.34,77.683,99.941
-272.12,350.59,124.52
-332,392.37,111.56
-163.49,61.922,109.9
-182.75,124.32,72.273
-119.72,-13.98,67.342
-273.91,366.4,87.18
-200.26,223.8,96.928
-241.9,288.53,122.86
-208.07,218.14,81.214
-244.94,210.35,88.483
-128.32,33.349,114.26
-171.39,93.007,71.756
-211.48,151.38,116.01
-172.67,133.91,73.339
-274.04,275.26,87.405
-169.06,120.78,120.7
-114.04,-8.0122,62.323
-289.22,392.35,123.47
-190.98,99.034,89.994
-273.96,372.25,90.313
-64.465,-27.941,90.658
-341.16,410.83,108.79
-222.13,198.35,124.91
-257.34,295.34,127.87
-295.76,312.58,95.066
-139.62,50.098,115.75
-211.52,213,124.05
-136.67,64.199,67.496
-177.55,178.15,93.444
-159.25,122.91,75.927
-321.54,390.63,83.629
-259.36,338.65,89.348
-286.88,326.14,126.5
-103.58,-7.1898,60.02
-283.06,396.89,113.9
-257.57,344.95,107.37
-166.67,53.387,90.763
-215.73,212.35,125.41
-220.55,154.15,96.575
-272.05,285.21,82.125
-152.99,113.48,114.62
-83.82,7.568,90.775
-221.53,160.22,109.16
-152.68,69.04,117.14
-128.11,4.6367,106.81
-156.19,47.585,108.01
-189.21,118.87,75.551
-324.88,414.89,80.089
-246.1,217.75,117.66
-291.93,399.87,123
-244.33,238.53,78.62
-285.3,368.68,80.541
-225.86,263.65,86.401
-303.37,351.42,83.235
-226.12,275.72,96.045
-110.3,-6.7615,109.87
-257.72,252.96,123.07
-268.39,349.9,122.09
-201.34,134.62,116.28
-263.21,239.71,103.2
-129.79,22.022,112.12
-222.96,262.34,89.144
-166.7,91.367,70.323
-81.488,-37.036,57.023
-273.37,281.98,122.28
-305.66,331.58,99.679
-251.09,260.58,78.187
-277.72,388.81,109.13
-179.6,137.41,72.586
-322.22,367.77,105.84
-241.16,279.15,80.992
-64.313,-25.45,85.468
-65.881,-22.39,84.123
-291.06,356.43,78.749
-100.22,-35.978,104.92
-109.87,24.066,110.74
-123.22,-9.3411,103.02
-161.29,51.145,78.721
-81.42,2.8151,91.522
-245.4,312.64,92.178
-249.94,312.61,120.58
-178.19,126.5,71.719
-143.74,113.74,101.33
-147.9,97.896,115.67
-246.39,227.35,82.052
-252.14,302.81,81.448
-273.41,286.34,82.653
-284.37,346.6,78.718
-240.89,288.22,83.947
-98.871,-42.342,61.111
-227.75,232.05,77.054
-283.22,346.22,78.769
-307.14,351.05,86.304
-276.93,382.71,114.39
-134.78,90.562,79.682
-242.41,312.05,100.12
-258.19,229.32,103.02
-228.74,182.16,115.94
-194.84,108.4,87.264
-322.39,376.16,91.093
-294.04,336.25,81.78
-279.95,277.98,111.01
-115.87,-25.528,69.053
-112.08,-19.895,105.41
-331.69,391.34,111.13
-148.68,28.7,76.711
-238.81,190.15,98.412
-317.42,366.03,116.81
-231.52,268.5,121.81
-103.15,29.052,104.88
-164.44,68.707,112.61
-311.13,355.71,88.299
-248.46,310.63,86.822
-120.94,33.023,64.295
-277.09,387.04,97.887
-255.9,259.27,79.74
-98.59,-54.704,96.717
-305.61,353.97,123.28
-194.54,109.46,107.1
-299.64,403.74,126.43
-224.16,162.48,93.565
-250.19,307.77,122.64
-119.13,45.062,67.915
-203.83,212.55,82.03
-208.13,146.35,80.496
-132.72,90.355,103.87
-177.45,131.1,121.87
-121,61.136,107.57
-287.71,350.85,78.714
-107.92,16.675,110.88
-295.64,313.28,94.025
-333.5,398.91,92.579
-81.608,-12.348,64.759
-117.96,-31.508,80.166
-233.14,245.56,77.637
-193.06,136.68,74.112
-120.04,-7.3232,65.322
-104.68,30.886,70.602
-121.93,64.907,106.62
-132.24,13.609,67.544
-98.319,-38.223,104.93
-302.12,392.31,128.45
-106.78,46.987,82.643
-287.29,298.09,115.38
-146.26,82.943,117.27
-60.404,-38.198,93.139
-280.39,297.21,84.123
-188.69,118.85,75.254
-118.41,-3.6041,108.49
-80.572,-4.1684,97.378
-293.19,311.45,115.89
-150.72,104.51,73.763
-259.54,343.6,92.536
-104.89,24.173,67.082
-166.16,135.34,76.589
-168.3,125.35,120.13
-86.703,2.6184,69.359
-288.05,319.75,82.519
-304.05,348.37,122.54
-265.91,363.74,106.13
-264.5,291.71,78.553
-246.83,321.22,99.149
-329.98,399.79,87.256
-61.032,-32.891,88.709
-272.26,365.1,88.336
-182.71,89.593,82.208
-191.23,206.2,97.776
-114.62,-10.519,62.966
-266.64,252.77,91.589
-205.12,179.81,124.76
-115.2,-8.0101,108.29
-285.58,358.89,79.237
-249.09,326.59,100.46
-95.454,-36.666,58.606
-215.08,194.56,125.42
-296.87,336.37,83.386
-203.52,225.06,89.907
-137.07,101.64,88.153
-247.74,323.89,101.43
-106.29,-24.718,106.29
-229.73,261.89,122.63
-172.77,170.29,98.093
-68.956,-23.858,69.512
-70.414,-20.158,94.299
-81.683,-11.324,102.4
-230.34,227.44,126.68
-148.57,73.838,117.83
-301.65,418.85,83.813
-209.37,159.74,120.78
-207.28,199.99,124.31
-216.15,249.45,89.642
-215.72,223.56,124.01
-294.4,412.89,87.733
-287.14,343.58,128.44
-325.04,413.92,80.274
-337.77,402.06,103.7
-174.23,168.22,88.243
-145.49,18.443,80.785
-113.6,45.833,71.711
-213.58,156.4,116.71
-327.4,381.96,96.01
-161.62,104.89,119.79
-187.02,91.238,90.489
-319.41,411.65,128.35
-65.348,-33.527,66.012
-203.91,210.01,120.65
-167.31,158.82,93.358
-113.19,49.309,105.25
-284.57,338.28,128.43
-284.69,308.03,123.11
-119.67,-19.759,99.46
-283.26,294.95,118.86
-105.81,46.763,92.213
-112.52,-20.694,104.83
-193.16,118.99,78.306
-206.72,161.07,75.856
-247.13,258.41,127.47
-241.47,227.4,124.38
-296.08,367.25,78.777
-170.83,68.507,80.039
-189.76,203.07,96.821
-276.9,342.14,79.405
-154.17,33.653,98.18
-302.3,327.75,112.8
-306.41,351,121.58
-126.08,65.045,110.49
-100.64,-39.464,103.42
-300.4,421.06,85.529
-236.2,190.2,111.49
-276.99,376.08,118.96
-197.11,159.67,73.793
-256.29,283.36,78.105
-286.21,335.78,128.01
-252.32,334.07,104.18
-117.26,-28.923,94.262
-180.77,109.62,118.75
-122.21,17.396,112.56
-246.64,319.01,110.93
-162.45,116.56,72.449
-113.03,45.164,71.8
-233.96,275.75,84.519
-145,15.369,91.958
-137.57,46.195,65.618
-200.39,206.95,82.307
-212.83,239.02,86.908
-193.61,111.36,82.584
-264.6,355.49,93.235
-302.53,379.46,128.58
-166.75,110.93,120.51
-289.8,390.95,124.28
-296.63,424.2,91.503
-130.71,-9.1489,81.563
-247.78,232.97,122.73
-295.05,308.06,100.14
-279.92,379.86,120.32
-145.41,15.71,90.049
-220.49,194.87,76.386
-268.97,299.3,127.84
-220.83,244.97,121.66
-211.38,138.91,106.04
-247.12,254.86,127.2
-125.06,-15.011,74.731
-233.78,273.4,121.86
-261.57,333.67,84.777
-225.76,209.66,125.72
-216.69,180.24,123.09
-260.3,276.53,127.11
-166.39,89.51,118.33
-165.14,52.267,98.331
-157.99,129.12,112.69
-257.33,288.66,128.1
-223.91,271.7,96.992
-114.14,-3.2756,109.88
-146.32,81.498,117.4
-316.03,423.92,79.159
-250.13,305.2,123.42
-115.14,-21.3,102.76
-175.96,103.59,72.085
-215.74,255.92,99.621
-138.19,6.3637,78.634
-289.5,375.8,80.213
-304.22,378.2,79.101
-175.33,69.014,94.714
-93.391,23.477,93.833
-153.02,132.52,94.392
-322.46,396.65,124.87
-238.87,273.34,80.654
-157.63,73.111,116.96
-320.86,381.14,86.504
-187.98,162.8,122.41
-73.647,-12.665,92.977
-258.44,233.62,111.14
-79.381,-30.276,58.924
-229.46,199.03,122.47
-277.31,324.92,128.46
-115.46,57.907,78.395
-90.841,-45.476,105.21
-225.39,209.37,76.476
-231.37,175.41,97.466
-303.95,382.13,78.87
-270.87,315.51,128.44
-159.4,142.81,90.481
-106.42,-39.231,65.967
-149.97,121.83,106.49
-301.91,352.39,125.14
-268.26,322.18,79.185
-225.7,264.67,117.96
-75.723,-17.394,66.673
-183.45,93.535,80.564
-97.837,27.031,99.45
-304.69,398.17,128.45
-205.62,225.65,115.42
-166.96,130.44,118.82
-232.45,290.92,100.46
-221.89,269.02,102.36
-229.13,201.14,123.2
-144.99,90.256,71.63
-154.81,133.65,89.068
-218.34,245.12,84.474
-121.68,6.9679,63.466
-138.8,75.142,115.5
-206.91,200.11,124.18
-210.73,236.49,115.5
-302.5,356.33,69.813
-193.27,98.672,109.36
-226.8,181.77,115.56
-171.46,36.965,96.894
-250.2,233.31,67.477
-335.79,374.21,112.19
-234.64,217.29,115.36
-175.9,126.66,71.299
-299.69,315.68,70.323
-163.87,58.335,107.52
-203.14,159.99,66.661
-284.13,243,90.914
-243.76,273.97,95.477
-228.82,232.39,106.74
-327.24,399.42,119.03
-121.06,-53.425,86.225
-148.11,26.177,55.115
-295.67,385.91,99.733
-290.35,321.13,118.75
-312.37,423.08,88.851
-175.55,137.51,90.231
-158.45,3.2378,78.904
-205.93,188.5,77.266
-245.33,270.38,105.17
-313.15,344.65,117.41
-204.2,129.23,63.226
-328.58,341.73,86.59
-204.31,103.6,67.723
-246.78,166.87,91.609
-212.06,162.38,114.24
-82.029,-37.759,86.039
-222.43,180.94,65.624
-116.95,-67.95,75.459
-219.54,120.36,99.619
-159.89,22.402,61.352
-307.21,328.32,116.84
-319.21,400.68,70.82
-89.55,-16.305,72.876
-239.34,231.85,69.641
-271.88,239.19,73.163
-160.04,7.7769,72.331
-252.16,271.93,74.418
-191.42,119.29,62.118
-192.98,168.88,96.778
-221.29,117.38,87.855
-169.94,106.03,105.77
-128.31,-48.373,77.284
-212.1,195.31,107.25
-269.08,284.39,117.67
-127.42,17.481,101.66
-87.176,-43.592,92.986
-182.48,127.15,108.04
-292.33,368.63,79.567
-84.307,-37.189,55.863
-176.87,140.32,87.795
-288.04,333.21,117.03
-171.21,39.554,98.797
-293.64,276.45,77.57
-201.29,149.19,64.842
-265.02,213.29,77.955
-136.39,53.025,97.754
-177.9,130.11,103.13
-104.5,-48.963,96.818
-297.39,285.2,109.88
-313.82,314.52,106.27
-233.96,161.79,109.3
-298.35,379.7,78.353
-252.09,282.88,80.148
-174.49,49.616,63.257
-117.09,10.766,97.651
-288.3,286.45,70.796
-263.41,217.79,110.32
-118.84,-55.618,57.316
-133.71,-38.651,79.401
-165.36,118.22,89.458
-228.45,196.92,115.62
-170.94,82.077,109.26
-281.8,242.62,83.066
-293.85,278.79,76.676
-114.54,-28.326,49.24
-220.99,121.95,77.25
-105.51,4.4785,89.049
-136.95,25.908,103.88
-185.76,55.371,73.835
-286.47,248.5,97.089
-323.56,327.97,93.32
-323,373.83,118.36
-220.13,148.73,112.29
-214.98,108.21,79.14
-111.27,-63.283,53.269
-80.351,-47.868,89.429
-171.13,128.33,92.114
-140.13,18.951,103.95
-215.32,147.42,113.31
-257.34,301.96,98.704
-95.665,-12.911,61.555
-170.79,116.26,102.49
-197.19,158.71,108.71
-199.76,165.62,108.32
-265.27,319.13,88.911
-205.64,192.07,81.059
-133.56,-36.152,84.049
-109.27,9.0246,62.59
-189.12,122.48,62.803
-259.81,307.5,89.217
-163.07,79.742,107.52
-288.03,363.29,82.334
-296.18,271.85,84.932
-287.09,269.67,112.43
-179.6,56.477,101.15
-242.83,220.65,67.149
-331.62,351.28,104.31
-222.94,229.76,97.288
-177.03,114.56,107.92
-278.73,231.75,94.759
-112.65,-61.773,53.89
-220.68,191.38,67.605
-150.9,60.856,105.28
-224.33,183.22,115.45
-273.96,298.63,117.37
-90.369,-46.455,48.315
-201.06,88.95,100.03
-262.07,200.05,84.08
-153.55,-5.3135,76.989
-188.14,153.62,101.94
-132.7,2.1406,52.455
-261.33,260.96,117.86
-223.62,193.69,114.68
-316.25,319.64,106.14
-171.71,99.165,108.27
-293.19,315.63,69.026
-184.29,141.57,71.717
-237.83,247.22,76.041
-177.56,39.343,74.271
-321.23,368.15,118.18
-101.58,-38.217,47.993
-244.9,169.34,78.874
-280.23,266.17,115.51
-323.14,360.16,71.76
-320.17,362.13,117.72
-117.62,-50.619,53.751
-181.27,43.591,82.236
-274.78,340.96,91.955
-143.64,68.587,67.533
-256.58,208.22,72.054
-101.59,-43.915,97.461
-76.636,-38.521,71.942
-261.1,310.61,97.57
-321.32,323.09,95.261
-200.07,169.72,106.99
-324.3,339.9,107.86
-249.23,194.55,111.53
-255.14,284.71,109.5
-210.18,193.53,75.33
-193.59,126.3,112.23
-190.26,90.027,62.693
-124.59,28.017,97.585
-90.872,-32.386,53.332
-256.35,283.01,111.42
-313.92,345.14,117.22
-252.04,290.39,98.94
-292.73,360.69,112.69
-264.98,264.02,68.251
-159.3,41.249,57.184
-204.43,104.15,67.625
-78.666,-35.314,69.32
-124.09,-52.832,81.882
-209.18,194.4,77.157
-114.03,4.2922,55.964
-125.66,20.268,56.363
-206.85,160.34,113.16
-269.79,230.84,74.463
-203.44,188.06,81.251
-144.77,-14.702,64.771
-172.34,98.712,62.158
-282.06,282.19,117.7
-319.24,321.63,85.842
-265.43,224.64,111.56
-297.83,272.38,90.152
-223.04,186.89,66.215
-230.19,153.65,108.62
-192.37,92.653,63.201
-309.59,316.7,112.24
-235.35,162,71.609
-125.37,-12.42,100.65
-317.33,326.63,78.744
-114,-23.435,49.456
-157.33,65.386,107.01
-268.44,327.13,95.571
-182.04,148.43,94.585
-344.74,374.98,93.085
-147.84,14.259,56.027
-257.42,200.28,76.033
-344.29,407.92,71.67
-122.13,-24.812,98.732
-116.97,-67.745,75.912
-252.84,190.27,106.42
-335.54,359.84,104.2
-122.29,-0.91214,101.37
-300.36,295.76,111.8
-174.58,53.054,103.01
-337.97,360.22,96.498
-157.9,62.267,107.29
-212.43,153.81,64.154
-197.57,73.174,85.967
-216.4,208.43,77.482
-132.27,4.2926,102.51
-129.77,43.113,64.749
-89.297,-20.174,64.489
-180.75,128.4,67.99
-238.2,251.54,107.42
-258.57,302.71,101.71
-146.32,27.478,54.82
-97.244,-32.527,96.005
-293.66,365.7,111.55
-295.88,387.26,97.833
-303.34,329.89,69.65
-284.38,271.28,72.089
-281.79,257.33,111.81
-243.28,177.67,109.05
-193.26,167.33,79.367
-297.65,277.64,104.63
-183.6,152.67,91.928
-268.02,322.12,84.721
-233.32,212.53,67.812
-186.86,157.65,95.169
-113.08,-49.892,50.549
-272.17,334.58,89.835
-179.28,143.92,83.197
-283,259.32,111.63
-92.106,-21.875,58.597
-206.51,107.96,105.84
-320.47,322.03,89.59
-196.95,172.28,101.67
-294.31,308.16,69.72
-203.8,102.36,67.763
-200.62,158.12,110.97
-153.11,82.098,100.81
-341.3,409.6,70.314
-93.183,-15.276,85.516
-191.99,71.606,98.271
-94.766,-20.617,56.813
-246.84,214.11,67.197
-213.12,210.74,94.342
-136.61,-33.909,70.231
-338.03,396.9,117.01
-185.58,144.87,72.377
-140.99,13.853,53.902
-350.17,398.83,79.218
-101.32,-8.5076,91.814
-176.96,135.95,77.432
-342.47,410.47,70.551
-261.93,303.71,80.295
-223.33,152.67,66.664
-292.59,320.98,118.87
-332.23,350,101.49
-337.87,364.48,103.68
-122.67,-49.932,58.585
-227.14,189.08,115.69
-256.49,191.93,80.303
-296.49,332.15,118.88
-301.48,281.79,87.008
-257.93,296,106.48
-125.03,-21.894,98.731
-308.65,412.1,103.29
-341.33,379.41,108.91
-147.74,66.904,102.12
-142.17,27.699,104.67
-253.41,291.36,85.263
-226.6,231.92,80.446
-233.23,144.27,98.611
-240.8,260.4,80.587
-307.79,376.34,70.954
-203.23,106.31,66.104
-283.47,360.12,96.419
-225.61,126.72,83.237
-89.333,-29.747,89.919
-143.88,16.002,103.19
-170.6,125.84,94.582
-305.27,317.86,72.25
-209.98,141.07,63.858
-120.62,-61.564,76.069
-231.57,229.14,73.253
-334.57,355.1,101.4
-247.81,241.58,116.52
-133.2,20.509,54.266
-103.2,-32.585,97.933
-287.64,269.51,74.846
-100.16,-54.675,46.612
-282.42,343.21,77.678
-308.8,413.21,102.43
-356.2,402.46,87.512
-123.56,4.5271,52.755
-229.29,152.93,108.96
-179.63,41.495,77.573
-270.27,303.75,72.742
-275.92,279.9,118.41
-236.86,147.37,90.415
-296.51,376.69,109.36
-242.56,266.73,103.18
-272.01,243.93,71.876
-180.17,45.515,91.907
-109.78,-44.323,48.509
-183.82,56.093,69.807
-241.25,195.06,115.13
-257.11,250.45,68.036
-282.5,352.95,104.28
-261.24,296.12,76.848
-220.45,194.11,68.325
-271.17,230.67,75.825
-203.39,170.4,109.45
-167.96,90.219,108.04
-185.64,52.682,88.451
-143.37,-5.043,57.992
-155.6,0.1336,84.961
-273.37,221.75,97.66
-176.87,114.09,107.94
-305.69,301.28,78.489
-112.73,-55.063,51.585
-157.76,102.37,92.287
-138.55,17.717,53.672
-298.53,371.31,113.49
-204.21,192.9,93.871
-136.12,22.97,54.309
-102.52,-8.3696,57.521
-298.18,274.58,99.902
-319.4,322.65,102.68
-176.42,129.52,72.631
-190.64,75.801,66.843
-203.16,186.88,100.11
-222.84,133.83,71.981
-143.02,54.437,60.556
-251.1,176.52,85.704
-195.54,175.37,85.079
-209.45,201.58,97.955
-278.69,234.51,84.69
-90.454,-14.695,73.956
-174.55,129.98,75.663
-250.2,198.75,112.36
-226.73,228.92,77.967
-294.87,351.71,116.46
-164.73,14.319,78.232
-225.28,173.56,65.358
-180.46,67.648,62.141
-109.77,-25.23,99.128
-299.08,297.37,113.41
-319.26,331.76,109.53
-283.67,359.3,99.674
-203.66,119.71,63.787
-207.44,94.703,95.021
-228.04,156.09,110.88
-183.85,58.119,98.06
-305.27,394.26,110.34
-185.72,153.2,98.043
-303.53,299.32,77.097
-288.86,283.11,71.714
-83.874,-44.429,52.071
-306.17,351.45,118.97
-108.54,-33.94,48.387
-264.02,310.05,81.644
-289.3,289.34,116.58
-304.16,395.98,80.248
-346.3,379.96,99.619
-175.01,99.953,61.673
-327.54,412.56,118.32
-267.15,247.43,69.113
-271.84,218.49,87.22
-290.61,278.68,113.07
-293.51,334.25,118.43
-282.25,244.9,104.04
-309.36,330.86,71.441
-207.77,104.13,70.735
-101.02,-40.945,47.64
-164.5,95.486,64.704
-253.44,294.77,94.153
-205.65,182.59,106.64
-174.09,126.06,73.019
-332.97,361.93,109.47
-331.69,366.98,75.112
-286.03,281.14,116.26
-272.39,333.78,100.63
-344.23,393.92,75.474
-248.76,284.79,92.912
-165.42,118.33,83.068
-199.43,93.89,104.54
-297.22,339.59,69.342
-113.2,13.723,61.682
-265.92,313.87,106.25
-312.1,336.08,71.628
-144.09,-3.6977,58.088
-187.61,121.11,84.254
-262.89,164.06,90.448
-308.99,258.14,74.925
-288.26,214.25,90.971
-116.35,-45.227,38.541
-303.88,262.64,102.17
-187.84,111.95,92.512
-246.8,155.53,58.671
-298.31,246.79,100.17
-306.43,266.95,65.823
-252.81,235.95,65.335
-262.45,194.26,58.618
-135.73,11.551,87.404
-179.21,27.084,50.4
-144.84,-42.459,47.824
-162.06,63.513,56.797
-118.26,-27.487,42.642
-135.2,-68.825,53.387
-277.63,263.7,59.767
-324.59,372.45,107.34
-209.62,146.82,60.31
-277.16,301.81,91.3
-285.26,230.11,62.334
-218.22,182.28,80.177
-341.5,395.45,59.806
-325.71,381.95,63.034
-155.11,54.326,86.523
-124.07,-15.907,44.245
-169.19,-10.062,76.927
-199.46,65.014,53.158
-300.89,346.54,70.758
-337.62,399.52,61.258
-317.5,392.21,89.228
-117.28,-7.3509,56.161
-220.39,96.538,58.116
-94.046,-51.063,48.276
-239.04,197.95,60.533
-237.64,174.65,56.164
-165.67,-1.2089,49.449
-157.36,-29.835,75.894
-360.3,368.37,78.822
-146,-52.971,60.799
-227.62,96.139,86.919
-288.51,299.07,105.76
-162.25,-23.567,73.34
-106.83,-31.692,79.179
-207.42,54.917,71.838
-137.54,-67.604,59.511
-292.29,226.59,95.155
-127.05,-6.0023,86.691
-225.33,118.11,100.8
-321.36,395.64,95.54
-187.28,75.496,49.849
-302.65,279.11,60.557
-270.37,276.15,99.714
-329.06,408.93,98.275
-130.63,-8.8659,89.38
-312.35,371.58,98.371
-331.54,333.67,62.619
-126.08,-17.992,42.74
-286.6,289,106.91
-174.76,19.007,49.72
-268.07,170.6,78.015
-181.57,104.53,63.561
-107.55,-25.3,75.59
-173.63,10.399,51.668
-159.14,-27.691,57.949
-153.11,0.38196,93.032
-190.92,29.952,82.678
-208.13,63.936,61.428
-216.11,127.52,53.435
-349.65,347.9,74.672
-231.18,172.58,57.308
-328.74,412.39,73.843
-218.95,154.86,101.7
-157.66,67.561,76.554
-323.47,304.57,65.933
-209.81,137.42,56.74
-337.72,407.49,62.81
-190.92,125.92,68.74
-257.18,165.06,98.634
-315.9,342.4,108.71
-100.55,-49.843,81.303
-235.35,183.64,103.89
-261.12,212.27,107.36
-145.62,-53.617,60.719
-117.4,-57.925,37.258
-111.52,-13.635,62.028
-266.51,257.12,103.72
-273.11,231.39,58.099
-215.68,79.151,61.592
-250.72,246.37,76.918
-348.83,393.73,59.706
-228.09,101.26,63.893
-167.55,71.517,56.494
-224.64,145.26,104.31
-268.16,252.45,60.991
-238.21,117.3,89.352
-143.52,-57.478,65.384
-302.11,262.83,63.884
-341.42,343.75,66.247
-339.13,325.97,73.369
-173.39,75.089,94.583
-187.05,116.84,66.231
-277.62,283.4,64.547
-179.34,21.939,52.063
-300.92,333.19,64.68
-313.59,382.53,90.993
-210.8,121.56,53.228
-293.55,266.07,107.98
-349.38,342.63,84.293
-235.18,113.5,65.589
-238.42,217.86,92.49
-187.5,22.133,79.982
-101.85,-35.679,51.526
-210.5,167.12,79.989
-165.76,9.3867,92.127
-343.47,329.52,83.631
-141.58,17.902,89.635
-182.91,28.342,52.623
-286.1,213.73,94.774
-248.77,207.05,58.63
-234.82,118.76,61.98
-301.56,323.2,106.89
-225.02,169.08,101.78
-131.79,-19.172,41.214
-245.87,148.75,100.11
-274.01,262.23,106.47
-293.76,223.77,77.589
-212.29,118.53,102.89
-322.18,328.83,108.56
-280.88,247.78,58.501
-278.16,237.78,107.77
-278.68,304.58,76.323
-331.03,414.88,97.246
-268.66,198.25,60.717
-240.29,221.96,72.414
-338.3,335.5,66.762
-189.05,26.069,61.487
-219.34,179.91,70.702
-362.88,382.03,97.689
-202.39,87.689,100.55
-206.89,88.809,99.821
-169.62,5.607,88.63
-120.98,-32.6,40.311
-222.67,82.703,76.214
-291.67,224.4,94.377
-323.62,288.45,91.278
-303.46,361.16,88.952
-319.1,389.5,96.42
-210.49,148.97,97.871
-161.88,70.998,83.996
-246.13,167.26,56.602
-203.76,58.655,59.097
-252.66,203.32,57.257
-177.24,4.3001,78.658
-236.76,217.81,76.213
-145.33,45.941,72.08
-177.02,19.474,90.265
-169.49,6.8865,49.642
-101.38,-53.51,40.755
-111.84,-37.743,41.781
-364.5,391.92,67.608
-179.53,20.738,89.08
-364.39,388.43,69.196
-139.57,-38.374,42.694
-180.15,109.2,76.792
-335.68,395.85,61.358
-220.25,80.559,68.703
-120.47,-41.054,88.568
-143.29,19.567,48.389
-274.37,188.45,70.897
-302.73,287.59,108.44
-284.87,204.1,81.607
-151.72,1.9539,43.401
-171.95,19.694,48.041
-136.09,-66.301,52.391
-263.4,228.84,58.359
-325.24,380.01,62.816
-184.46,14.385,74.996
-249.96,183.27,56.491
-261,266.83,75.827
-365.8,379.98,80.066
-359.86,367.62,90.209
-321.4,298.7,101.83
-127.09,-35.937,89.48
-151.58,-39.882,74.822
-274.2,238.15,58.142
-146.03,33.791,87.455
-243.58,233.38,83.506
-207.26,86.078,99.052
-185.18,27.319,55.128
-130.62,19.497,65.12
-187.03,101.82,95.992
-288.61,328.58,80.44
-190.35,32.151,85.641
-261.18,261.55,70.476
-167.66,-15.848,67.267
-191.09,102.91,54.715
-241.18,202.58,60.805
-186.73,18.073,67.629
-294.71,256.9,106.04
-247.66,137.07,91.82
-182.67,109.86,86.214
-315.6,389.09,84.109
-274.04,187.22,92.23
-283.25,316,89.95
-331.54,307.69,93.65
-139.58,-39.09,86.547
-229.5,202.72,88.341
-319.37,367.01,62.807
-255.02,237.19,101.84
-262.39,268.18,93.21
-186.19,80.171,99.37
-324.08,403,94.378
-296.17,246,101.77
-305.78,286.36,60.568
-297.14,249.73,64.537
-329.56,348.59,59.79
-247.31,239.27,89.163
-196.95,106.32,100.26
-317.72,373.35,65.786
-263.65,274.24,88.539
-213.82,158.51,96.973
-179.3,16.774,54.226
-148.21,11.179,44.411
-333.99,311.73,76.234
-195.63,137.55,82.795
-311.84,323.13,59.364
-196.76,69.633,98.302
-234.64,188.19,59.872
-195.24,136.31,83.882
-295.32,250.13,63.119
-220.01,85.758,63.124
-117.58,-36.451,87.671
-147.18,-21.245,89.441
-276.48,263.76,60.117
-110.26,-15.48,67.064
-140.92,-37.593,86.484
-219.2,126.34,103.41
-175.39,17.355,50.605
-365.14,386.38,97.264
-320.53,334.28,109.19
-214.78,83.03,58.589
-247.87,180.2,106.08
-318.68,275.61,86.957
-358.93,379.37,67.675
-273.44,282.17,100.09
-303.74,294.83,108.87
-350.41,351.96,72.628
-178.13,37.238,48.173
-278.23,251.35,58.483
-330.83,400.43,103.88
-259.99,155.24,85.491
-318.81,275.46,83.694
-240.14,210.41,99.435
-335.26,340.06,105.53
-310.99,270.79,68.7
-330.97,364.8,109.33
-274.77,187.07,90.5
-180.65,99.012,60.546
-197.03,71.651,98.683
-299.06,351.45,80.084
-134.9,-26.428,40.461
-252.09,148.11,94.13
-265.66,184.65,100.53
-354.2,384.71,62.527
-271.89,187.53,67.722
-218.99,147.18,55.761
-240.99,206.11,62.146
-261.31,253.61,65.796
-182,101.13,60.476
-329.2,328.12,62.691
-204.99,68.66,94.063
-260.71,203.39,106.85
-231.86,197.61,66.111
-355.5,397.84,108.11
-210.28,146.8,59.817
-146.13,-31.872,86.097
-163.41,48.878,94.885
-360.98,376.12,96.514
-286.16,206.75,81.687
-191.22,122,64.299
-131.5,-64.344,79.784
-273.82,254.01,59.362
-359.3,368.64,75.427
-261.81,259.47,68.304
-252.92,231.6,102.14
-195.34,58.494,95.643
-117.72,-40.43,39.25
-179.77,7.8853,62.116
-268.22,283.42,78.041
-237.8,207.09,65.192
-217.12,93.894,96.912
-293.33,339.63,83.16
-127.97,-5.9767,46.21
-233.15,212.07,83.178
-167.95,-12.54,76.233
-97.688,-47.309,46.916
-205.15,141.56,61.448
-138.77,31.774,77.943
-208.87,163.81,78.138
-366.87,383.54,90.818
-210.49,103.93,101.76
-276.66,243.38,58.272
-123.46,-47.53,38.354
-336.01,412.58,103.68
-342.54,331.08,75.757
-110.49,-64.178,86.507
-111.51,-46.747,39.125
-228.58,199.5,72.913
-242.54,229.38,88.978
-188.55,100.22,97.429
-201.05,129.52,97.297
-174,59.418,49.098
-154.74,42.86,51.61
-325.88,313.91,103.88
-309.68,314.59,109.21
-252.3,152.07,64.079
-155.76,-29.64,78.822
-325.04,323.24,106.79
-278.59,305.85,89.864
-126.75,-67.372,42.113
-158.6,-19.39,83.47
-125.21,3.8964,54.876
-244.44,232.28,74.844
-366.89,381.79,81.905
-213.91,117.17,102.86
-149.68,52.713,67.019
-255.17,203.97,107
-94.215,-44.341,67.981
-261.55,216.91,107.44
-320.73,310.53,106.05
-97.413,-37.52,63.074
-348.11,394.05,59.612
-294.66,286.52,59.089
-216.17,139.22,54.964
-278.65,277.57,62.139
-234.89,114.24,91.829
-234.99,190.44,60.396
-221.21,94.489,94.117
-135.33,-19.815,91.079
-249.99,152.77,98.84
-249.92,243.57,90.91
-334.8,360.36,108.94
-184.62,117.1,73.743
-326.1,386.94,104.79
-344.48,343.5,69.528
-108,-24.195,53.577
-227.24,91.593,73.992
-188.45,116.25,90.702
-319.98,387.79,98.834
-204.37,153.33,72.786
-230.59,120.6,57.848
-281.46,259.83,58.711
-320.95,299.98,65.545
-143.29,-20.489,41.998
-321.51,380.58,65.374
-116.33,-7.3543,73.997
-141.64,36.306,79.149
-292.15,253.31,106.34
-285.38,224.06,101.48
-367.68,390.06,72.863
-345.54,343.42,97.576
-321.08,394.01,96.337
-330.43,359.59,109.33
-303.37,351,70.145
-275.58,284.45,101.2
-259.6,199.26,57.368
-99.864,-34.008,59.09
-260.01,180.6,60.101
-167.7,-4.3721,84.493
-225.51,171.09,101.57
-105.68,-31.222,50.2
-165.81,-19.061,67.148
-127.84,12.943,60.785
-306.62,357.17,69.566
-315.3,366.25,103.73
-267.71,192.25,61.738
-156,-34.403,72.213
-328.49,417.64,83.584
-314.97,357.18,62.78
-313.13,380.07,76.102
-181.43,64.135,98.816
-242.32,132.31,95.219
-222.16,137.19,104
-286.82,254.04,59.061
-119.15,-17.773,84.663
-156.09,47.186,52.727
-260.9,269.46,82.816
-51.677,38.977,104.53
-98.673,92.413,125.8
-176.36,322.23,124.14
-74.412,57.67,148.01
-39.111,-20.746,122.51
-252.21,391.77,157.07
-166.4,218.01,135.01
-10.359,0.63697,145.75
-188.98,283.63,122.35
-68.064,67.694,107.97
-67.392,32.14,123.84
-79.956,158.55,133.5
-52.254,43.693,104.49
-140.95,269.63,132.89
-93.822,185.42,138.73
-110.83,128.98,156.36
-221.11,405.28,121.14
-222.39,423.03,153.89
-122.62,226.16,158.78
-54.403,17.032,141.24
-88.913,150.23,116.65
-242.2,372.02,126.59
-97.925,146.24,163.17
-48.425,-1.7886,131.29
-13.403,-4.708,98.044
-2.7544,6.2058,138.38
-172.77,302.89,166.38
-140.27,204.57,117.79
-232.68,403.32,166.09
-115.61,149.77,161.44
-149.53,286.6,153.09
-61.255,31.982,112.28
-175.84,340.81,140.8
-47.699,70.4,108.49
-52.725,57.272,155.23
-144.59,217.97,166.81
-179.6,334.81,159.8
-34.617,-24.946,131.48
-149.58,265.52,122.03
-88.353,110.7,160.2
-92.972,108.38,113.11
-63.436,49.631,151.59
-121.03,236.69,141.73
-62.569,124.74,128.13
-34.901,-16.489,138.59
-182.96,286.46,119.44
-232.68,348.8,130.57
-188.99,281.46,123.01
-151.18,216.74,164.75
-209.37,371.86,119.37
-175.67,265.29,166.26
-141.63,179.36,155.83
-167.62,242.69,164.13
-223.4,368.15,117.88
-200.11,280.38,147.87
-181.4,278.92,120.09
-152.42,296.27,143.35
-229.43,350.36,125.63
-88.661,170.04,150.66
-19.423,46.022,133.74
-131.15,150.87,145.55
-181.36,276.31,120.56
-239.54,373.57,160.68
-202.33,382.42,156.48
-34.735,65.248,145.09
-60.573,24.322,138.99
-101.48,115.45,156.71
-200.9,387.03,149.38
-262.83,425.95,161.57
-80.798,102.76,159.85
-126.09,151.08,123.89
-58.407,14.915,124.22
-225.39,390.31,117.18
-140.22,254.09,123.93
-168.63,325.99,148.84
-154.62,244.22,117.99
-179.66,241.27,146.92
-45.689,75.05,151.37
-112.82,120.61,126.1
-128.85,192.18,166.02
-118.56,159.92,116.16
-212.92,304.07,143.9
-87.355,162.23,154.22
-57.381,18.656,115.38
-221.18,427.23,146.24
-119.48,133.21,149.54
-224.48,396.85,117.91
1.7278,5.8726,114.53
-274.39,443.09,159.33
-139.01,240.09,165.3
-179.4,334.91,159.54
-231.51,343.09,151.36
-56.391,92.034,154.12
-132.81,253.08,154.31
-82.858,89.983,111.32
-117.36,208.46,121.52
-104.64,149.55,113.66
-269.64,414.88,134.67
-208.48,363.88,118.57
-208.54,365.34,166.45
-50.217,18.105,107.39
-222.11,428.16,134.05
-197.82,375.44,129.54
-92.924,88.816,149.48
-135.4,253.13,157.95
-147.51,189.19,155.5
-215.61,311.72,135.82
-76.607,152.47,142.49
-18.888,40.655,115.38
-142.11,198.96,163.94
-68.881,111.17,157.16
-45.764,45.491,153.88
-73.931,88.162,158.39
-128.8,147.33,131.69
-277.66,436.93,126.82
-165.31,257.55,167.81
-224.69,434.36,145.24
-188.51,264.8,130.83
-238.72,391.03,117.94
-172.49,289.99,118.93
-249.65,376.58,135.36
-168.96,304.48,122.97
-27.93,34.636,149.34
-176.6,293.27,168.38
-199.12,385.4,145.58
-118.12,175.81,165.29
-190.39,274.76,160.14
-46.542,63.731,153.87
-168.41,289.45,119.75
-109.55,118.34,122.78
-29.749,-12.381,101.12
-193.81,321.41,168.31
-239.63,363.11,155.05
-197.29,285.94,127.96
-219.3,418.69,129.68
-125.13,163.4,118.53
-254.67,400.28,158.74
-190.15,303.84,119.04
-1.3873,6.5845,109.74
-3.8394,9.1486,108.72
-242.77,379.2,123.42
-18.458,4.8234,148.27
-31.298,64.083,140.81
-41.97,30.776,152.24
-94.948,82.581,137.81
-15.859,36.251,115.96
-191.93,339.34,120.31
-179.78,348.53,144.71
-122.97,152.71,120.23
-76.508,148,126.93
-69.734,137.76,144.91
-186.76,255.42,137.89
-202.1,327.03,118.79
-216.58,313.03,136.68
-235.97,369.49,122.43
-189.51,313.35,118.51
-40.96,-15.115,115.74
-174.94,257.22,122.02
-234.95,369.08,121.92
-250.97,377.41,139.98
-214.88,414.53,135.04
-78.108,118.69,111.93
-184.97,341.11,124.86
-184.96,264.58,160.15
-147.22,222.3,166.9
-125.43,141.44,146.93
-264.2,403.58,145.09
-240.76,361.21,133.31
-204.95,314.44,164.6
-52.723,4.2969,126.68
-30.085,20.891,150.75
-262.68,424.83,161.36
-82.69,59.963,135.58
-166.34,224.91,156.9
-244.37,401.83,164.91
-158,306.09,147.91
-29.754,66.569,131.03
-80.99,110.09,160.51
-253.75,382.69,142.44
-197.16,335.92,118.54
-67.524,58.54,108.92
-224.82,413.43,121.21
-200.18,285.47,132.28
-19.15,-15.596,146.48
-229.46,391.76,166.62
-114.25,148.68,161.67
-229.61,439.55,151.15
-153.29,196.34,152.84
-178.17,344.62,147.83
-65.666,70.98,107.17
-149.93,238.94,117.82
-145.27,176.01,138.33
-62.879,126.01,129.37
-94.978,172.86,156.93
-47.235,98.834,133.99
-239.29,373.71,123.1
-28.619,57.014,141.95
-232.09,343.42,150.29
-275.56,426.24,145.97
-28.895,13.451,99.951
-47.413,2.2621,138.14
-180.87,270.5,121.63
-135.19,163.97,127.61
-60.707,20.601,120.92
-50.407,57.571,105.08
-49.041,102.16,132.69
-72.305,41.83,123.52
-16.592,2.5895,147.84
-228.94,429.51,157.45
-47.598,76.743,110.84
-211.25,335.3,166.31
-65.453,124,149.54
7.8364,-3.2916,117.09
-222.95,324.19,138.64
-128.54,147.19,131.17
-35.764,37.659,152.01
-10.939,31.437,122
-217.62,348.45,166.18
-96.352,130.95,112.46
-207.53,369.58,119.69
-51.632,50.114,104.45
-111.62,161.93,114.51
-87.678,166.34,152.03
-32.536,29.371,102.05
-233.19,345.47,135.24
-227.83,386.14,166.79
-207.9,393.32,127.9
-212.32,316.31,126.87
-190.38,349.75,123.99
-275.77,425.19,139.62
4.1229,0.3722,112.51
-223.22,389.35,117.5
-115.77,121.33,141.58
-129.96,237.18,124.52
-57.155,16.518,116.94
-201.46,283.67,149.4
-122.65,221.5,160.84
-32.645,33.239,151.3
-238.35,381.37,119.95
-192.24,355.37,124.72
-40.339,-10.726,110.22
-132.44,236.25,162.75
-242.19,362,136.13
-146.99,253.26,120.05
-76.757,131.99,116.52
-190.21,353.05,125.48
-24.194,16.268,149.51
-155.17,299.98,149.44
-109.78,202.21,124.63
-14.318,3.3217,99.699
-2.1669,14.736,118.47
-8.0685,26.309,128.56
-148.71,268.67,162.9
-65.789,115.69,153.93
-257.12,440.53,115.23
-125.61,201.48,166.04
-127.42,240.59,155.87
-160.79,277,119.98
-137.71,263.31,153.62
-248.18,435.7,115.82
-210.04,382.49,163.01
-277.56,436.08,127.34
-273.27,432.98,156.04
-116.2,197.22,118.52
-76.403,51.352,139.85
-59.121,72.591,106.69
-130.87,197.27,166.3
-266.34,410.92,150.04
-79.606,146.47,153.89
-114.9,125.75,149.92
-245.79,448.79,161.64
-12.002,-7.149,97.759
-128.08,248.74,148.22
-106.39,189.53,121.21
-40.53,86.448,131.17
-207.23,377.32,163.09
-206.16,347,167.86
-39.631,19.58,150.5
-205.59,333.19,167.58
-41.426,79.496,117.69
-30.655,19.976,150.79
-130.52,148.54,136.03
-148.72,188.4,129.68
-166.23,299.21,164.12
-159.09,268.54,167.52
-248.34,389.75,123.17
-104.38,99.99,139.24
-128.87,233.82,123.86
-228.87,365.05,119.97
-75.862,71.749,153.74
-229.02,363.43,164.3
-230.65,388.46,166.63
-50.289,103.75,137.99
-19.162,1.0716,148.37
-255.44,443.08,115.19
-156.9,228.94,165.42
-211.48,409.69,140.5
-141.82,185.87,123.01
-204.71,307.78,124.26
-208.46,374.92,164.43
-193.81,363.82,127.25
-39.313,9.1209,147.79
-96.5,151.73,162.67
-39.468,59.05,151.2
-183.34,351.36,133.55
-108.33,142.62,114.67
-58.519,71.953,106.63
-181.82,301.32,118.61
-69.34,51.94,149.03
-82.184,72.39,115.63
-146.2,233.53,117.68
-158.18,266.07,119.02
-127.45,142.69,141.78
-212.9,381.35,119.66
-227.45,417.4,161.52
-84.225,152.72,155.63
-221.01,426.2,147.59
-249.45,447.73,116.71
-60.115,24.614,140.01
-165.93,273.66,168.25
-227.47,340.37,156.16
-213.63,413.87,142.13
-70.787,51.683,147.71
-164.31,221.38,128.15
-189.47,339.32,165.03
-146.12,283.14,148.52
-132.64,177.21,161.94
-165.88,295.77,164.94
-58.502,16.579,133.23
-160.49,310.87,147.82
-212.16,357.84,117.78
-143.07,251.26,164.71
-133.1,222.05,166.04
-179.67,317.02,166.12
-82.228,131.72,159.97
-87.297,90.057,154.73
-83.919,166.97,139.33
-178.35,328.65,161.65
-166.07,300.85,123.59
-31.541,38.162,150.53
-65.238,122.68,150.09
-272.18,444.68,118.43
-177.34,342.43,149.14
-33.868,18.902,150.88
-117.81,131,125.88
-155.77,286.26,125.52
-69.987,38.812,137.54
-243.32,397.92,118.02
-256.31,400.69,124.9
-99.939,105.36,152.92
-27.181,57.239,118.59
-90.535,164.12,121.47
-248.17,433.66,165.08
-187.66,298.1,119.15
-73.584,115.25,158.67
-266.18,406.77,139.24
-107.61,203.65,154.16
-6.5737,21.602,117.13
-181.22,271.23,165.27
-27.885,-5.4996,99.409
-146.46,240.38,167.42
-199.44,364.25,162.83
-58.562,86.244,109.38
-9.3239,-4.6201,145.88
-170.24,235.42,126.81
-158.77,210.23,156.2
-256.75,404.32,123.42
-192.9,354.97,161.86
-99.343,173,119.12
-44.846,-10.2,122.88
-79.821,157.64,132.11
-225.17,390.65,166.39
-219.2,345.58,120.66
-154.86,300.91,142.74
-22.322,8.9368,99.517
-117.84,124.59,139.6
-28.166,62.634,124.41
-231.85,435.21,157.21
-134.53,261.99,140.64
-88.008,170.67,148.78
-173.75,320.63,125.56
-161.06,299.88,127.34
-146.08,242.59,167.18
-90.912,116.45,111.69
-95.125,163.61,118.08
-164.89,271.4,118.53
-65.035,33.644,116.28
-59.279,115.63,146.18
-127.2,240.65,155.51
-140.15,272.58,140.48
-257.1,376.94,123.14
-110.47,139.11,165.81
-145.79,221.7,165.62
-91.177,75.475,161.69
-198.83,256.68,127.16
-263.11,409.17,169.5
-157.16,255.72,159.62
-121.36,152.6,118.55
-248.97,338.44,133.73
-81.952,98.631,159.28
-150.78,184.27,120.9
-214.82,275.21,161.73
-183.47,303.65,133.13
-159.28,266.97,145.3
-255.73,434.71,162.53
-43.566,-16.404,150.92
-93.945,50.722,119.42
-238.84,414,133.59
-215.02,358.35,163.95
-263.66,446.74,124
-111.97,168.83,129.72
-85.984,37.103,150.25
-151.03,214.78,122.35
-178.85,303.41,142.51
-237.63,381.52,169.14
-149.37,154.12,127.81
-267.07,369.91,155.17
-143.44,131.27,138.76
-173.48,201.18,163.01
-131.83,202.07,161.8
-13.882,-3.873,123.89
-170,204.89,125.06
-44.238,-33.796,144.53
-140.37,158.09,167.07
-99.582,49.795,132.04
-230.86,365.53,170.04
-276.27,420.22,120.6
-30.317,12.724,111.87
-188.54,255.35,123.03
-214.2,265.29,142.22
-91.575,39.418,144.8
-201.83,295.56,122.39
-138.17,143.61,122.53
-126.86,201.62,135.6
-147.97,151.65,159.92
-94.407,143.6,147.57
-55.186,-14.024,146.75
-140.26,231.05,146.89
-193.21,321.99,161.61
-49.829,55.991,145.8
-13.414,-6.9077,133.86
-106.28,165.04,150.35
-245.02,391.09,121.23
-32.682,-12.73,101.89
-114.79,170.8,127.79
-215.74,369.12,157.8
-90.26,78.513,162.25
-234.62,303.22,147.23
-148.81,173.36,121.58
-202.36,241.88,149.49
-64.196,88.937,137.61
-105.68,166.03,143.11
-24.71,-9.7869,148.27
-220.83,321.93,171.61
-240.29,349.5,169.73
-152.42,201.21,170.71
-252.13,401.53,120.53
-200.06,307.73,123.56
-114.17,77.011,133.95
-42.699,47.77,138.77
-235.4,310.25,136.07
-183.59,256.27,172.08
-57.602,-27.736,128.12
-59.744,-3.8383,148.63
-101.44,149.73,128.9
-149.17,236.16,162.2
-90.002,122.07,157.77
-217.24,272.23,154.49
-235.61,305.17,145.98
-62.322,-4.6861,111.53
-154.27,152.61,150.28
-37.172,38.432,127.37
-57.54,65.22,150.51
-118.27,86.449,146.84
-214.04,282.5,166.21
-257.33,358.72,161.46
-249.14,410.02,167.03
-137.65,188.99,168.88
-146.42,139.85,152.28
-52.627,-36.71,122.91
-9.2348,-12.473,128.47
-106.06,160.48,131.3
-59.146,58.839,154.41
-132.96,187.8,167.29
-196.6,331.97,135.25
-42.108,12.715,105.7
-98.327,152.3,142.57
-122.25,195.99,150.11
-125.51,202.56,149.28
-210.9,345.59,127.29
-149.16,219.34,124.05
-57.369,-0.01218,151.39
-55.653,34.601,107.91
-136.35,146.72,120.81
-204.68,334.36,127.78
-84.218,118.86,152.61
-239.22,386.65,122.44
-231.95,301.34,155.66
-208.86,307.43,172.18
-98.122,95.767,163.94
-191.26,244.16,126.37
-260.97,384.72,167.73
-159.39,261.16,135.45
-100.16,152.77,150.8
-206.72,265.46,164.86
-53.617,-35.003,123.74
-168.88,215.31,122.54
-72.936,99.568,149.42
-144.03,222.9,163.7
-199.31,335.66,160.04
-40.593,-23.539,102.26
-120.73,127.4,165.93
-194.73,231.11,156.34
-81.874,28.117,148.45
-117.93,188.51,141.22
-79.544,26.23,115.54
-183.56,299.42,164.14
-145.3,232.52,159.66
-243.05,354.45,169.53
-93.518,137.99,152.49
-244.38,337.6,129.04
-130.02,167.33,119.34
-185.82,271.85,122.6
-109.13,70.936,147.14
-247.02,404.48,167.52
-51.072,-15.193,106.04
-179.4,199.38,151.45
-201.05,304.7,171.63
-273.43,382.37,135.34
-245.59,398.58,168.31
-59.277,-24.198,123.23
-108.29,77.687,154.13
-219.96,367.78,128.72
-89.143,94.553,114.07
-198.07,234.73,141.6
-22.658,-4.9707,145.63
-17.241,-9.3564,110.22
-201.49,340.02,134.02
-253.74,354.58,163.08
-127.07,206.04,147.24
-251.44,374.65,169.57
-168.13,233.82,171.65
-186.41,318.91,147.29
-156.27,219.18,121.83
-112.91,166.2,160.16
-132.91,116.01,130.8
-51.226,64.52,138
-40.122,-8.6019,102.31
-186.09,317.98,149.94
-238.43,381.97,169.29
-190.55,320.78,135.76
-225.75,394.05,149.17
-214.68,286.86,127.29
-104,66.294,123.03
-143.67,131.76,138.59
-20.804,-7.0293,108.44
-48.558,-17.039,149.15
-154.55,220.52,122.41
-62.605,28.301,106.93
-74.073,44.227,109.25
-127.88,199.5,158.58
-210.61,257.68,144.44
-146.71,215.48,124.11
-80.24,14.862,136.79
-119.73,123.04,117.62
-203.51,320.66,169.71
-257.11,350.1,155.1
-185.48,263.26,172.2
-230.46,303.58,160.46
-170.98,210.75,124.13
-148.6,193.07,170.4
-134.71,118.78,131.64
-233.8,353.22,171.25
-174.64,189.59,142.54
-44.632,27.236,152.54
-260.2,352.48,147.11
-62.428,-0.016753,109.97
-77.844,104.77,153.11
-210.86,355.46,131.89
-116.34,180.92,133.6
-281.21,404.38,159.75
-91.584,39.707,123.42
-195.44,228.51,147.44
-297.3,428.79,133.5
-41.365,14.706,152.82
-44.028,-33.459,144.83
-173.36,228.36,171.03
-265.4,393.03,167.4
-43.283,38.183,147.98
-223.63,332.71,171.72
-92.511,92.824,163.49
-271.74,391.09,162.78
-77.735,101.94,154.55
-158.93,178.16,126.09
-123.58,107.82,157.73
-162.2,234.33,122.72
-51.523,44.046,153.06
-75.871,68.748,111.39
-34.267,6.3966,106.42
-127.41,153.48,118.28
-169.19,285.86,145.63
-196.03,333.69,138.04
-92.827,51.758,117.79
-21.474,5.105,138.72
-227.84,398.49,147.37
-240.26,414.7,131.86
-254.28,351.9,131.18
-229.4,296.06,139.22
-203.19,295.24,172.26
-162.35,216.71,171.24
-136.6,194.67,122.85
-222.95,313.13,169.93
-119.68,184.19,131.22
-215.9,347.26,124.78
-182,236.13,123.79
-121.21,190.12,134.12
-57.457,-24.782,117.97
-218.14,360.92,127.46
-119.83,172.9,124.59
-204.55,297.15,172.23
-39.625,3.0869,104
-124.54,147.55,167.99
-256.07,351.73,158.56
-127.83,206.61,140.64
-243.88,330.82,132.37
-142.83,130.07,138.86
-123.71,196.34,153.98
-80.142,118.4,141.08
-295.84,429.78,130.26
-26.367,17.898,123.34
-111.93,109.9,164.43
-42.969,3.8681,103.79
-193.62,238.22,130.6
-150.4,241.65,133.09
-67.886,-2.0754,141.88
-265.34,432.31,167.88
-131.15,170.74,119.62
-87.114,38.257,117.99
-296.65,422.9,145.29
-30.427,26.765,130.86
-120.06,163.4,121.16
-296.78,430.75,130.86
-210.88,328.08,123.25
-166.3,178.5,134.58
-216.77,358.38,165.36
-262.87,382.65,166.29
-268.23,397.39,166.99
-60.804,-21.73,129.63
-146.99,228.68,163.78
-191.16,221.9,152.61
-221.48,369.19,164.36
-236.49,311.71,157.4
-191.92,328.81,143.28
-44.131,17.636,153.62
-251.05,440.69,136.14
-270.17,413.38,168.65
-72.943,104.12,143.43
-61.602,67.469,153.58
-199.45,317.46,125.77
-172.09,258.1,124
-155.4,181.2,167.19
-187.52,285.93,123.97
-263.53,396.55,121.23
-143.84,133.26,136.11
-227.19,387.83,131.56
-155.36,159.29,156.13
-18.782,5.3613,128.72
-62.235,56.021,156.83
-103.9,158.87,133.61
-252.76,341.43,137.77
-155.36,165.86,128.16
-47.775,-27.344,145.25
-179.79,253.48,122.14
-265.52,387.6,166.07
-170.61,279.86,161
-81.451,44.228,111.89
-25.263,6.0023,143.63
-230.29,295.45,143.72
-48.429,-31.299,108.94
-234.49,365.85,121.49
-251.8,441.47,135.24
-297.45,429.31,154.05
-72.228,28.059,109.85
-147.58,192.45,170.36
-109.28,74.135,150.23
-221.93,326.21,122.22
-197.78,318.37,167.4
-163.37,181.76,162.08
-232.89,408.37,144.13
-177.19,299.16,140.46
-215.66,269.38,139.93
-102.26,82.499,160.37
-56.652,-20.341,112.9
-119.04,85.75,142.44
-159.66,234.99,169.69
-206.51,273.49,126.56
-221.02,383.47,139.11
-211.2,319.76,122.42
-168.67,218.1,122.17
-210.96,258.02,146.32
-128.5,207.66,150.84
-89.36,129.23,152.77
-109.64,88.511,158.76
-84.197,21.789,127.98
-79.843,35.911,154.16
-199.35,256.6,166.92
-99.958,152.32,150.85
-247.36,327.73,147.61
-55.882,-29.372,120.06
-91.473,135.18,131.32
-85.778,41.704,115.3
-231.5,404.69,150.02
-140.95,224.09,132.82
-84.146,46.739,112.87
-50.585,16.137,105.21
-225.6,308.77,167.49
-247.97,356.39,167.8
-121.42,155.75,119.04
-128.96,103.87,138.34
-135.78,220.3,138.75
-160.36,162.31,143.85
-90.601,78.912,112.47
-181.63,208.7,158.14
-136.38,204.22,126.21
-144.14,233.91,136.43
-212.69,264.9,156.31
-30.672,14.641,112.75
-118.27,157.05,120.16
-169.04,238.12,171.62
-173.17,254.48,123.05
-224.17,386.86,155.89
-93.007,47.747,150.1
-171.47,197.99,128.62
-122.15,94.081,131.28
-30.971,13.723,146.16
-221.9,334.67,171.74
-245.28,367.18,170.33
-225.43,388.1,134.41
-147.32,145.25,130.69
-129.54,131.64,164.07
-145.91,195.97,170.19
-103.55,96.591,163.53
-241.91,425.82,144.8
-118.07,186.75,136.97
-246.1,325.3,145.88
-234.89,307.41,138.07
-33.457,-20.809,100.84
-231.98,388.06,164.36
-57.127,-10.617,109.08
-212.7,334.63,123.64
-211.03,327.5,170.92
-258.04,417.88,120.58
-279.51,411.25,164.2
-122.36,124.21,118.41
-258.17,446.96,158.34
-213.71,271.55,134.01
-203.48,250.12,158.98
-212.61,316.37,172.07
-219.57,370.86,161.7
-206.21,281.04,170.17
-258.33,353.72,135.72
-144.67,132.92,142.9
-50.436,-17.921,106.24
-111.46,120.34,116.02
-194.97,323.5,131.62
-133.58,218.44,146.43
-118.83,152.47,119.01
-260.64,396.52,169.37
-279.48,390.38,140.82
-207.42,319.45,171.19
-212.18,363.58,136.1
-293.21,416.73,140.45
-190.47,313.38,130.89
-105.07,147.82,124
-117.56,133.41,167.02
-250.76,360.63,124.62
-60.017,38.991,108.1
-201.03,346.13,142.49
-261.18,358.89,135.91
-84.918,23.135,128.08
-122.94,152.11,136.8
-186.92,199.08,172.15
-246.16,285.94,159.3
-214.24,248.24,172.49
-67.474,-23.966,109.27
-227.37,298.5,175.96
-117.26,146.06,145.92
-190.35,180.03,141.05
-221.76,282.53,175.85
-250.35,291.26,148.3
-202.52,258.65,126.24
-208.47,217.6,138.71
-63.78,46.352,141.35
-122.15,51.883,133.34
-85.973,-16.774,131.89
-109.51,87.417,117.85
-69.168,-5.7603,108.36
-71.38,-40.543,138.3
-229.72,284.61,128.11
-256.42,405.33,159.88
-157.83,170.16,123.56
-216.92,330.63,140.96
-229.95,254.04,144.2
-158.61,210.52,133.42
-299.94,413.07,126.42
-283.38,400.4,123.79
-85.966,87.702,139.34
-74.605,6.0476,109.55
-94.053,24.501,158.73
-142.35,89.843,136.02
-253.93,367.88,125.79
-296.51,417.16,124.13
-263.43,417.92,136.19
-63.566,17.523,112.32
-161,122.47,142.64
-42.993,-27.704,105.67
-188.76,220.35,125.72
-186.87,196.83,128.33
-107.74,24.007,133.08
-82.26,4.7669,156.92
-301,394.52,159.63
-78.238,-22.565,145.56
-150.77,131.6,168.99
-217.76,333.25,159.34
-88.54,10.178,155.94
-38.834,1.1354,131.06
-137.04,86.637,157.84
-70.043,-37.318,143.98
-216.88,261.48,174.42
-54.68,29.002,140.93
-144.14,156.66,171.94
-263.53,423.38,142.25
-135.66,98.025,123.47
-251.85,300.89,138.56
-203.17,308.6,150.98
-270.11,437.27,144.89
-55.721,27.345,145.88
-251.29,400.96,146.25
-281.79,354.88,140.83
-76.807,3.7139,110.15
-214.18,323.97,162.06
-117.78,43.763,132.62
-199.01,201.65,163.68
-127.29,129.53,122.28
-42.301,6.098,126.87
-114.6,36.16,135.96
-94.03,1.2339,143.55
-73.33,38.551,158.85
-114.08,65.465,163.96
-144.67,91.932,147.64
-164.35,150.09,127.61
-291.81,373.21,156.3
-180.66,194.86,126.11
-283.97,432.81,124.97
-143.44,191.38,158.31
-95.426,97.235,129.3
-269.36,327.9,147.2
-158.7,160.14,123.66
-296.81,425.21,123.07
-134.97,151.95,125.4
-177.81,202.28,174.87
-244.44,376.8,164.69
-30.027,-15.747,134.37
-159.56,220.28,161.01
-182.61,249.97,170.11
-77.886,-23.225,145.47
-67.319,-36.337,112.58
-54.714,13.092,115.35
-195.18,291.61,157.37
-222.55,253.22,133.63
-152.83,106.83,147.67
-195.77,272.06,130.9
-305.76,411.84,131.04
-164.72,129.21,150.11
-115.27,95.219,118.43
-145.32,183.44,166.35
-219.76,273.79,126.9
-160.96,153.02,170.77
-73.03,-25.529,148.97
-247.33,286.49,145.53
-289.22,366.14,146.33
-280.94,351.42,155.65
-99.255,110.96,149.95
-131.97,142.34,123.89
-229.74,304.77,126.05
-120.62,47.543,136.18
-255.52,353.31,125.03
-257.92,409.08,138.12
-159.3,144.07,126.14
-216.14,302.99,173.51
-285.5,371.23,165.06
-171.24,141.75,151.91
-173.12,249.27,144.09
-111.72,57.011,162.2
-49.66,-11.659,108.16
-150.32,195.65,133.26
-85.41,47.522,162.78
-279.24,358.27,164.97
-68.189,53.408,144.56
-124.1,53.989,136.8
-210.28,248.82,174.32
-199.02,228.93,127.18
-173.68,145.57,147.41
-231.1,357.21,160.67
-150.3,205.23,157.71
-82.173,2.4434,112.59
-165.51,186.64,174.27
-200.47,297.75,162.29
-227.52,253.34,162.61
-132.37,156.97,165.96
-247.8,364.26,172.11
-230.92,269.31,133.62
-199.8,275.24,172.76
-226.91,328.61,129.54
-273.11,442.7,143.5
-212.92,222.4,142.72
-186.42,246.91,128.57
-285.25,358.31,147.34
-123.86,54.989,147.76
-164.5,205.35,127.48
-294.44,413.56,171.61
-121.37,126.45,167.46
-125.6,127.54,169.15
-90.009,43.061,163.41
-72.001,-11.182,109.62
-150.87,115.21,161.85
-216.51,259.12,174.11
-253.13,320.64,171.41
-247.86,387.61,136.97
-260.35,417.71,143.42
-137.85,184.11,152.24
-95.191,103.08,136.43
-192.56,190.45,135.67
-141.68,85.943,144.89
-202.46,225.19,129.44
-101.64,39.113,160.5
-180.84,243.98,130.67
-84.889,74.637,125.1
-97.038,57.136,164.87
-111.86,31.955,133.06
-52.86,-31.974,104.81
-62.995,-16.115,107
-313.92,413.52,146.59
-99.933,58.104,165.03
-312.46,410.71,148.76
-85.082,-14.828,123.75
-119.38,138.04,130.26
-294.37,413.61,124.16
-152.79,110.67,155.33
-43.469,-3.9811,148.79
-92.86,42.061,113.43
-210.56,216.66,156.64
-226.33,324.05,172.86
-215.31,235.48,166.31
-100.13,24.29,119.54
-116.52,43.721,129.52
-73.01,-38.416,137.31
-214.11,250.33,129.02
-282.85,398.47,123.91
-110.97,47.924,158.9
-197.95,205.8,133.13
-207.58,291.68,130.01
-306.39,406.22,160.36
-294.17,397.37,168.33
-246.81,333.56,175.26
-49.069,1.5337,151.79
-76.751,-5.4205,155.7
-224.34,259.69,132.33
-75.215,68.025,140.82
-184.47,261.43,135.64
-125.96,124.73,169.56
-124.42,53.943,140.31
-73.136,46.547,119.03
-113.28,137.51,151.07
-236.02,353.21,131.41
-112.26,68.45,165.27
-209.99,285.01,127.54
-97.408,15.883,152.13
-139.8,125.75,121.42
-190.99,224.94,125.81
-117.44,49.222,153.47
-216.92,293.76,175.35
-170.01,173.07,172.32
-116.27,141.79,138.74
-264.31,413.23,132.09
-198.21,222.21,173.17
-224.6,343.99,139.29
-260.9,340.08,172.17
-60.493,-1.6593,157.6
-166.06,233.11,140.19
-276.28,385.81,124.32
-184.11,271.48,155.14
-199.19,298.53,143.74
-107.74,118.03,159.47
-267.41,430.14,140.78
-219.01,282.17,176.07
-255.4,307.94,138.25
-241.12,274,147
-283.78,368,133.19
-185.17,269,140.4
-119.62,143.69,158.71
-274.13,392.67,123.82
-203.66,302.87,139.12
-142.38,193.05,150.69
-118.67,43.332,139.32
-97.961,33.144,115.63
-273.19,338.54,159.04
-132.56,167.68,135.49
-266.05,342.73,130.12
-115.55,108.32,167.76
-184.19,210.64,125.53
-131.47,166.83,136.46
-240.48,273.83,144.75
-156.42,113.82,149.4
-42.233,-0.071742,145.11
-67.532,16.592,158.99
-228.59,284.71,127.7
-50.617,12.862,119.02
-61.833,-0.18356,157.89
-138.79,164.93,168.05
-117.57,42.513,134.13
-297.11,417.67,171.31
-246.84,369.53,170.07
-154.31,109.5,143.72
-168.11,218.44,170.86
-249.74,306.83,169
-307.61,401.34,147.1
-206.3,314.59,151.27
-227.91,331.1,171.67
-294.13,376.45,153.99
-123.89,60.734,128.06
-229.25,272.54,131.06
-267.27,431.09,152.68
-186.12,188.99,169.25
-251.65,305.67,166.61
-169.62,244.5,152.56
-261.73,374.7,174.01
-253,296.06,152
-259.47,399.07,167.28
-199.76,221.57,172.3
-127.47,123.29,121.05
-115.84,110.36,167.62
-247.89,375.36,130.47
-84.147,-4.4876,115.9
-173.86,184.51,173.42
-186.37,221.92,175.48
-307.34,404.5,138.89
-210.19,214.64,153.06
-168.08,169.61,125.33
-190.56,228.7,125.7
-211.63,276.02,126.33
-128.91,125.35,121.16
-279.08,349.51,141.16
-124.51,106.53,169.5
-181.35,241.37,172.06
-179.72,221.38,125.98
-284.74,431.4,170.79
-158.65,170.02,123.57
-67.091,5.412,158.91
-87.342,85.66,152.08
-292.73,407.48,171.34
-216.68,238.08,166.35
-137.16,146.85,123.3
-54.219,-28.178,155.13
-225.51,275.08,128.44
-302.12,393.64,156.38
-211.44,282.38,126.84
-181.46,266.16,155.8
-114.35,96.845,168.14
-68.854,-19.12,109.21
-113.44,37.432,148.22
-214.51,308.51,131.02
-186.38,230.41,125.92
-136.29,132.03,171.3
-239.87,364.81,132.98
-78.057,16.298,110.41
-173.21,240.54,135.61
-93.094,21.864,158.22
-47.245,-24.368,105.62
-152.82,165.28,123.4
-74.311,62.693,129.95
-149.57,191.84,131.87
-301.74,413.05,168.18
-129.53,142.69,168.31
-226.99,264.84,132.31
-73.082,-25.797,113.87
-273.28,442.84,151.95
-283.09,357.21,157.95
-33.3,-27.108,148.21
-62.981,-25.501,107.39
-173.49,225.13,128.77
-180.02,259.31,140.4
-113.5,136.53,153.51
-127.79,164.96,152.05
-123.03,81.796,119.97
-103.6,65.797,115.68
-251.41,348.87,174.98
-235.27,350.25,169.59
-191.36,178.78,149.35
-79.341,5.7835,158.19
-250.37,358.58,174.01
-219.45,334.08,139.5
-70.968,-43.213,124.4
-80.461,17.122,160.4
-72.303,28.226,112.6
-189.86,257.7,129.81
-306.5,408.58,161.87
-133.51,155.76,167.26
-92.2,79.703,121.74
-176.81,241.66,168.84
-33.041,-15.107,118.93
-183.55,254.42,169.06
-245.51,346.05,174.67
-39.329,-10.011,115.01
-305.27,412.07,130.46
-247.15,306.99,130.71
-165.14,161.66,125.42
-231.13,298.55,126.49
-156.45,150.71,171.66
-184.49,212.96,125.47
-141.28,131.94,171.32
-57.114,17.782,153.04
-170.14,190.29,174.49
-186.91,273.78,141.99
-262.22,394.97,170.46
-125.82,144.82,128.19
-261.05,418.34,154.58
-289.85,367.12,150.67
-55.112,0.21986,109.92
-157.07,123.19,160.18
-119.36,149.59,143.64
-259.49,416.91,146.27
-147.46,179.97,128.23
-172.78,145.76,141.29
-232.92,280.83,130.62
-266.89,323.29,146.79
-90.956,2.1058,120.15
-278.45,399.6,123.57
-52.818,23.096,125.45
-76.608,67.531,131.21
-214.17,290.31,175.16
-207.35,260.68,176.06
-313.32,413.6,152.98
-275.04,375.96,172.81
-262.63,422.07,143.17
-258.32,394.11,168.48
-256.9,372.05,125.44
-207.73,317.22,152.69
-207.52,221.78,134.67
-44.039,-7.8016,112.34
-203.78,204.99,142.42
-89.386,32.193,162.03
-151.09,207.09,157.24
-54.145,-7.6349,108.04
-95.528,12.696,151.92
-72.391,38.811,116.01
-260.73,377.9,125.07
-249.98,397.78,153.6
-210.76,216.98,144.7
-82.58,-0.79964,154.65
-279.05,440.86,130.77
-271.35,376.24,124.64
-265.53,402.02,127.15
-101.97,102.39,160.98
-163.1,169.33,173.26
-142.36,175.56,167.04
-236.32,275.76,135.64
-47.741,16.759,138.27
-104.68,70.326,116.05
-203.95,296.37,134.54
10.804,72.894,98.418
-23.051,132.93,126.1
-118.91,354.53,102.53
13.946,105.64,139.34
39.281,21.284,122.36
-172.06,435.16,150.99
-90.463,258.69,135.44
72.866,47.217,117.52
-124.96,318.14,119.6
-4.5981,102.12,102.09
9.6686,73.42,124.2
-12.465,196.91,102.09
9.6679,77.383,97.351
-77.872,305.44,104.26
-24.557,224.82,106.23
-20.916,177.91,145.87
-168.53,434.82,101.72
-153.7,462.04,122.41
-42.477,271.39,126.25
32.078,63.857,134.5
-28.074,184.23,96.706
-178.2,406.26,127.63
-8.9126,195.66,138.7
33.98,42.547,128.92
44.455,27.269,84.23
74.213,49.728,105.9
-89.733,349.35,138.49
-76.871,239.01,111.19
-152.61,447.82,143.38
-24.825,199.47,146.47
-75.924,328.38,119.73
8.253,69.267,111.87
-111.71,377.36,109.61
11.979,103.68,90.049
35.775,106.29,132.59
-54.844,267.44,147.36
-103.35,377.89,128.08
48.542,19.879,127.89
-90.436,298.62,102.06
2.113,160.52,141.27
-27.657,143.71,108.47
26.022,98.52,138.14
-52.143,275.88,109.21
3.3727,162.2,97.842
51.13,30.151,131.05
-122.05,319.55,113.1
-165.02,384.97,131.98
-124.3,316.29,120.73
-61.217,266,149.91
-155.35,401.93,103.35
-87.036,313.87,150.98
-53.288,227.23,148.46
-78.558,291.32,151.3
-167.15,398.76,111.31
-119.36,323.75,146.47
-119.38,312.53,114.89
-85.046,334.64,111.11
-165.33,384.7,125.87
-11.57,213.72,116.89
52.547,86.932,100.32
-46.571,196.39,142.86
-118.73,310.2,115.98
-157.19,418.33,151.8
-130.3,423.25,124.71
43.737,109.61,112.2
24.781,70.408,134.19
-11.227,164.67,144.72
-133.73,425.29,117.11
-182.9,469.57,150.59
9.18,152.44,138.98
-54.557,189.47,123.29
19.581,56.709,124.36
-172.2,419.64,105.47
-80.162,287.85,101.48
-99.298,365.45,115.96
-93.909,277.46,108.03
-97.823,285.24,145.41
36.948,121.5,120.44
-38.31,160.54,126.23
-38.894,241.85,145.24
-53.926,194.96,110.48
-135.3,345.68,143.88
-7.446,207.37,121.14
14.976,57.404,115.91
-157.56,463.54,114.62
-32.377,180.25,144.36
-171.94,426.01,103.62
64.601,41.625,85.144
-195.95,485.75,150.51
-54.148,287.58,136.58
-103.34,377.89,127.74
-151.66,386.06,148.91
27.408,139.07,123.73
-56.983,296.06,120.83
-17.872,125.14,106.66
-56.575,242.55,99.803
-42.514,183.55,103.61
-201.98,450.98,137.08
-153.98,394.07,104.54
-127.48,410.58,140.87
16.445,53.945,105.84
-165.26,460.62,105.54
-140.71,407.86,103.5
-4.6324,136.66,142.01
-57.076,297.41,125.1
-59.624,236.77,148.71
-143.05,350.53,137
-3.875,193.81,108.83
43.463,76.023,87.491
-51.824,248.38,149.26
16.277,158.87,127.65
42.321,94.303,130.99
15.975,137.76,138.17
-51.911,188.53,131.91
-215.94,469.85,129.24
-76.64,306.43,148.49
-161.97,470.17,113.8
-117.27,302.95,131.29
-182.78,421.33,113.48
-114.25,322.13,105.69
-180.01,413.77,137.29
-111.09,336.93,102.55
55.86,81.565,120.46
-90.435,341.09,145.01
-134.17,422.44,113.65
-28.288,225.49,143.29
-103.8,321.75,151.96
39.189,111.62,126.13
-110.37,321.64,104.14
-37.178,157.15,122.48
33.849,21.914,98.172
-108.39,368.71,146.63
-158.98,406.66,150.57
-128.95,322.57,127.98
-164.11,450.11,103.34
-58.45,199.39,115.04
-174.29,443.89,151.2
-130.53,336.3,111.85
59.278,40.965,83.046
56.351,43.212,82.92
-181.41,412.09,123.44
67.079,52.445,122.87
44.317,106.95,107.29
46.517,79.63,131.83
-11.951,127.19,136.04
46.866,71.861,87.482
-136.12,370.42,103.53
-113.8,386.14,112.62
-54.277,189.67,118.22
-11.878,184.65,98.14
5.1097,180.24,111.03
-110.62,296.2,138.43
-143.61,358.87,111.76
-143.55,352.09,137.84
-175.08,402.19,121.6
-131.6,345.11,108.32
33.221,24.588,116.6
-110.06,292.21,118.98
-174.48,401.58,120.75
-178.62,416.09,141.34
-156.93,447.61,106.12
-17.563,152.25,96.067
-128.12,373.14,102.53
-97.958,311.8,151.81
-57.537,271.71,147.68
-39.833,187.57,143.38
-190.17,443.26,145.23
-171.78,398.06,135.09
-118.63,361.58,152.18
27.057,47.102,126.07
56.762,69.117,126.77
-182.74,468.42,150.67
-0.086686,104.36,133.88
-79.121,272.13,150.19
-162.64,446.71,149.6
-88.404,345.69,114.95
39.774,106.13,98.178
8.3882,159.61,137.46
-180.25,422.03,143.29
-140.92,366.92,106.16
-2.3757,93.722,105.17
-172.64,442.77,101.53
-128.83,323.66,133.08
68.301,32.581,127.83
-148.11,436.86,145.3
-23.438,198.44,146.18
-163.39,477.24,119.64
-66.813,243.03,147.9
-110.21,383.32,115.23
-3.5346,104.84,99.15
-89.453,272.13,106.75
-65.59,218.74,138.09
3.6337,163.81,98.594
-13.62,218.73,124.5
22.723,138.63,101.08
-178,406.59,122.79
48.11,100.46,108.68
-152.78,386.06,148.32
-202.06,465.64,145.83
30.368,45.962,89.283
38.08,48.487,132.42
-116.94,305.01,118.21
-61.679,203.37,127.6
15.081,61.184,121.49
9.6102,90.604,92.709
20.069,141.47,100.16
4.1507,82.781,123.96
68.667,50.085,122.12
-157.96,469.68,127
12.509,110.42,89.951
-125.68,382.23,151.04
13.073,168.43,116.12
72.278,33.401,86.272
-149.19,363.65,139.74
-51.964,188.21,131.4
50.529,85.722,126.11
54.919,68.923,90.693
-132.75,395.01,150.77
-33.867,165.07,103.35
-153.36,399.77,103.2
9.2755,83.414,95.096
-49.442,195.95,104.66
-9.4947,210.59,118.46
26.387,61.911,88.35
-162.37,383.32,136.81
-145.91,431.49,146.13
-152.31,424.87,102.82
-145.99,351.86,126.92
-134.22,381.35,102.45
-205.64,462.66,141.39
66.181,35.639,83.821
-170.11,418.7,104.75
-32.174,166.28,139.59
-69.125,271.43,100.98
16.321,55.857,117.59
-120.07,327.43,147.47
-40.715,267.63,129.19
53.287,81.132,125.06
-180.03,412.79,117.61
-136.09,387.02,102.44
30.043,26.964,110.73
-49.668,282.76,131.99
-171.49,399.77,137.84
-87.753,286.23,102.62
-15.712,166.22,94.949
-133.7,384.94,102.53
61.519,64.007,123.79
-84.398,340.23,116.27
-47.781,237.18,99.671
43.535,35.449,83.69
62.403,51.486,87.817
61.634,65.973,95.573
-67.317,314.46,131.99
16.388,161.96,122.1
-206.1,468.41,107.56
-37.495,250.47,140.7
-50,284.41,122.57
-102.32,309.49,103.57
-62.775,305.82,120.13
-197.8,463.51,104.29
-132.97,425.82,134.12
-215.45,469.2,129.82
-195.48,475.08,150.28
-55.767,230.9,100.1
8.6219,97.191,136.06
1.3308,105.84,94.568
-41.079,246.88,145.12
-190.16,451.89,148.12
0.85814,191.89,121.03
-27.402,173.05,144.2
-172.03,490.23,134.26
45.775,24.786,83.919
-55.924,289.75,114.72
-45.192,223.9,98.785
28.325,125.62,98.679
-129.92,420.78,134.06
-122.24,393.51,145.92
48.987,68.343,132.41
-120.04,380.31,149.39
21.009,114.83,90.872
56.44,68.294,127.38
-51.05,191.15,135.87
-74.926,227.94,129.84
-85.146,344.78,134.08
-73.213,316.39,141.51
-187.55,422.32,123.37
-21.25,144.67,137.48
-68.143,267.98,100.82
-170.03,396.8,116.94
14.04,120.86,140.48
-145.18,409.27,151.5
-148.63,433.8,146.95
21.793,144.73,104.47
67.069,48.963,124.44
-205.1,470.72,105.82
-67.191,278.09,150.15
-150.43,444.55,109.77
-72.666,223.04,121.5
-140.06,342.52,123.04
-129.85,419,136.49
-137.13,395.91,102.82
49.165,57.565,133.19
-8.7728,200.62,135.91
44.128,105.94,121.4
-123.33,385.49,105.28
-44.028,177.52,108.5
1.8771,105.18,94.364
-123.61,333.3,107.48
19.449,100.24,138.89
-12.514,109.8,114.68
-85.732,266.75,106.08
-99.232,298.68,104.51
-44.528,187.24,140.22
-159.37,411.22,102.83
-152.81,459.41,132.79
-2.8036,198.62,123.19
-156.53,462.98,115.87
-199.98,475.25,102.2
25.684,70.979,134.63
-79.104,321.86,144.5
-145.31,384.77,151.07
-151.86,449.15,111.04
17.557,99.66,138.77
-93.035,259.59,128.01
-109.12,384.38,136.43
-75.216,323.47,115.28
-42.229,226.6,148.62
-83.93,341.75,135.51
24.315,61.137,130.84
-91.143,350.34,114.91
-156.61,388.32,107.8
-59.323,298.21,135.21
-46.432,270.39,139.01
-97.455,363.04,138.13
4.1241,179.99,131.48
2.739,139.17,142.47
-13.602,206.96,106.38
-100.45,372.57,130.57
-107.88,333.52,102.44
53.09,85.488,122.41
13.739,167.33,116.81
-217.21,474.22,117.41
-108.5,381.61,116.4
54.01,67.491,129.61
-43.931,170.6,125.91
-96.38,319.71,102.26
14.289,84.214,134.26
-187.43,428.14,114.17
-194.6,433.68,126.08
-10.702,153.83,143.87
36.202,93.217,89.875
-28.607,199,97.292
-170,477.13,142.66
-127.65,330.76,112.18
12.716,163.49,130.32
-195.49,444.54,140.96
-29.71,247.75,120.66
57.112,57.819,87.316
-92.945,319.5,151.67
33.478,27.784,93.794
-59.095,288.96,142.38
-121.91,407.88,133.2
1.4261,119.59,92.344
74.506,42.221,118.56
-100.55,272.81,126.29
-71.316,257.57,149.58
-196.28,436.68,124.14
-115.83,398.4,131.42
-38.333,207.18,97.957
33.359,31.72,122.87
-13.013,195.61,101.2
-144.58,435.48,142.99
-159.08,378.02,117.59
-88.019,338.98,110.69
36.118,41.171,86.501
-35.414,168.86,138.3
37.912,100.22,93.335
-161.24,475.17,126.83
-67.243,300.29,108.75
-12.173,213.68,114.89
-115.76,353.31,102.59
-101.55,333.5,102.72
-59.214,290.95,141.34
-27.87,150.78,103.86
-34.186,197.72,97.466
-105.72,303.96,106.43
7.1687,72.322,116.62
17.39,159.08,112.45
-50.029,284.34,122.16
-73.377,310.59,108.76
-192.99,410.68,132.08
-16.731,190.46,149.97
-57.002,270.65,146.05
5.4419,127.78,154.26
-126.66,294.7,136.75
-176.4,456.19,161.7
-74.298,301.64,138.08
-53.878,188.95,116.04
-175.16,377.1,146.73
8.4843,148.42,140.41
-80.956,221.37,125.48
-122.95,324.09,167.03
-117.16,340.19,118.89
-85.568,307.9,125.03
-177.74,477.76,144.72
50.917,34.622,145.44
-17.059,91.153,130.61
-177.27,448.03,118.87
-133.23,403.54,144.69
-207.39,477.44,116.22
-42.179,207.3,114.52
8.5355,87.529,153.65
-84.52,250.75,117.87
-108.12,342.65,123.51
-151.99,428.43,154.88
-71.831,194.92,138.73
-182.29,414.72,164.39
-57.743,176.39,150.37
-78.315,251.99,165.85
-45.031,250.05,140.83
58.391,36.249,104.09
-97.173,243.33,133.68
49.173,16.172,145.98
-43.075,210.56,162.54
-14.492,94.584,143.79
-143.76,413.17,156.34
-215.99,451.98,128.52
35.963,49.118,99.449
-120.36,291.54,128.07
-131.99,308.49,154.59
0.60038,88.323,152
-137.08,330.19,123.51
-64.184,182.66,131.32
-55.543,241.07,118.02
-52.408,202.64,163.27
-14.389,188.03,125.49
38.755,36.228,148.2
-64.215,273.29,125.81
-111.72,367.11,140.98
33.053,101.93,124.07
64.756,36.495,112.34
-25.477,209.9,128.19
-186.1,422.78,119.59
31.926,21.995,100.54
-45.832,208.72,114.08
-138.72,411.84,137.26
6.0912,130.79,153.28
-151.08,347.18,159.1
-77.473,211.14,128.04
-115.05,287.93,160.19
12.225,131.38,116.44
-29.165,208.52,122
63.96,38.968,130.7
-128.72,371.79,164.47
-149.46,398.44,166.16
-56.781,253.24,159.7
-193.73,432.86,120.09
-136.64,341.98,119.86
-29.079,121.8,145.7
36.076,91.515,116.98
-158.91,350.36,148.94
-89.031,307.61,162.59
28.241,17.498,139.27
34.69,46.733,149.29
-31.41,188.35,113.41
-63.652,283.47,141.16
-2.1483,170.61,137.04
-128.57,319.12,163.73
-152.85,348.69,158.14
11.969,34.365,122.56
-63.078,200.87,159.21
35.503,78.754,107.79
28.113,112.6,129.41
-26.515,135.05,155.18
-120.8,332.36,167.9
-169.28,405.54,166.89
-166.47,455.42,151.57
-44.057,240.24,153.39
-53.795,188.96,159.96
30.627,7.0689,135.04
65.922,29.281,107.43
-35.313,199.55,114.77
29.85,107.88,135.18
-40.945,238.34,149.84
-130.58,368.43,119.8
22.872,47.841,101.47
-21.578,194.92,121.37
-42.897,240.06,128.15
-46.924,246.2,127.47
-148.59,379.64,117.93
-82.659,255.49,116.78
37.65,51.091,148.94
10.036,70.045,104.55
-64.071,184.95,128.06
-141.69,368.8,118.01
0.14203,165.61,130.71
-180.07,418.63,118.49
-143.93,347.9,164.59
-116.64,357.56,162.27
-1.7509,148.11,154.06
-119.19,282.15,135.44
-172.3,432.36,166.22
-90.37,299.29,119.23
-18.547,198.07,128.59
-113.24,315.37,167.62
30.047,9.0039,135.75
-99.091,252.34,128.08
10.221,145.68,127.41
-56.796,271.08,143.22
-119.45,379.91,139.29
27.138,12.33,108.49
-23.455,180.01,159.34
-103.5,279.46,164.2
12.123,78.216,152.54
-43.314,229.91,121.04
-4.0995,65.904,126.51
-99.34,345.97,143.95
-61.414,279,138.05
-152.5,403.22,166.14
-10.148,184.22,130.38
-173.91,374.56,140.74
-62.532,203.65,117.32
-120.63,306.88,121.4
-16.755,119.92,154.69
-163.71,450.2,152.35
19.536,22.031,114.96
-89.365,246.98,160.89
-110.18,354.34,158.18
-200.27,420.62,149.19
-161.28,444.77,153.85
23.658,19.404,135.46
-13.082,128.48,157.61
-158.23,401.63,117.77
-22.103,130.7,111.03
-114.96,278.43,153.76
63.506,42.578,126.1
48.75,26.931,97.112
-136.37,375.95,119.32
-164.87,401.92,167.28
-49.814,248.95,125.79
-162.1,422.85,165.11
-73.565,285.33,159.93
-113.75,359.27,127
-89.695,255.05,119.2
-25.571,214.48,139.17
-51.485,158.83,142.67
26.384,107.63,116.41
25.511,26.466,103.92
-111.87,359.21,129.12
-152.62,428.94,155.33
-123.83,357.64,119.98
-155.14,433.3,129.13
-143.67,324.23,137.15
-25.393,107.62,134.61
-58.088,176.82,150.23
44.522,28.777,97.109
45.934,33.751,147.13
-88.148,256.4,118.27
4.6608,64.169,109.61
-5.5998,80.645,113.32
-43.254,246.37,136.85
-126.78,301.78,156.45
-80.096,251.71,116.54
8.7529,61.885,146.51
-49.035,160.56,122.98
-115.44,369,153.47
-171.47,395.35,164.38
-91.465,314.38,161.73
-140.33,351.45,166.76
-99.295,248.64,131.82
-52.722,245.21,159.64
-52.871,161.82,143.54
-143.8,402.06,162.53
-89.114,234.62,154.19
44.994,76.528,134.62
-178.79,395.26,159.34
10.371,38.3,120.07
7.5538,152.05,131.53
-147.34,390.44,118.56
-45.235,220.23,116.49
-196,449.62,165.97
-11.386,81.849,135.53
-108.71,274.23,158.55
-227.16,465.38,147.96
49.53,64.559,136.6
49.465,16.574,145.99
-77.44,280.26,164.04
-177.25,440.37,166.1
42.057,85.379,127.17
-132.42,382.2,163.02
2.9907,144.86,151.36
-184.75,437.44,166.75
8.8379,149.82,133.4
-83.897,217.69,135.9
-27.695,159.04,160.37
-96.117,270.02,118.87
37.35,93.009,134.07
-9.2171,104.65,108.88
30.549,41.631,99.365
-59.101,190.05,119.04
-96.073,326.46,125.47
-128.8,370.91,121.12
-17.193,91.557,128.42
59.239,49.871,117.2
-158.45,437.06,127.66
-179.49,448.23,118.16
-182.77,389.34,143.9
-150.3,337.57,152.05
-110.29,345.71,162.63
-66.724,268.66,161.29
-69.685,231.03,115.84
-130.19,363.05,166.95
-49.738,222.77,115.63
-154.31,380.72,118.38
-111.96,273.2,130.5
-50.181,229.39,117.01
22.288,17.085,130.55
-156.51,394.63,117.74
-52.02,209.99,113.9
-111.67,347.58,162.83
25.267,38.042,101.54
-28.173,199.96,157.24
-168.92,397.93,165.97
-54.205,247.44,120.99
-170.71,369.16,144.99
-57.025,175.26,150.45
-41.976,241.7,131.86
-2.9037,161.3,119.67
-227.91,465.21,144.36
44.898,57.413,104.49
-14.702,162.45,158.23
22.307,38.907,103.06
-117.95,278,141.76
-81.67,279.55,117.95
24.016,46.74,148.26
-182.29,477.73,155.02
-63.769,207.03,117.2
-10.565,78.504,129.23
-219.24,463.48,158.34
44.567,68.42,110
-52.835,199.92,114.16
-228.48,466.37,145.08
-148.44,361.78,119.9
-85.222,221.13,146.53
-133.87,404.11,146.77
-174.38,430.05,166.81
-180.38,444.53,166.14
25.648,23.85,140.52
-59.96,276.76,143.3
-101.41,269.35,161.98
-139.76,414.31,145.56
-148.08,358.54,165.5
-121.84,367.71,124.2
47.319,67.748,137.95
-189.48,474.81,120.07
-183.23,460.32,163.87
6.2496,148.09,121.5
26.202,115.94,133.44
-136.23,351.86,118.38
-106.74,293.51,118.61
-58.456,233.35,164.51
-123.18,320.74,119.33
-201.98,429.03,128.59
-59.816,177.47,147.99
-165.3,421.93,118.25
-61.613,209.11,162.38
55.818,46.801,107.91
29.057,106.16,139.61
-32.038,198.63,115.78
-176.41,381.42,151.13
-78.136,206.5,139.02
45.799,22.713,146.67
-113.45,288.98,122.93
-177.35,434.82,166.73
-87.823,325.71,139.82
-10.16,81.904,119.57
58.758,52.488,122.87
-148.43,338.45,156.18
25.52,7.5427,120.36
-173.9,398.35,121.1
-190.7,475.32,119.58
-215.87,472.36,163.66
-1.5441,65.417,117.43
-51.826,244.55,159.2
-15.582,123.94,156.22
-157.8,360.32,125.98
-111.73,365.77,149.09
-67.91,232.72,164.99
-165.74,445.68,125.19
-107.32,337.89,122.22
-135.03,311.73,152.48
-5.3202,134.66,157.54
19.506,19.642,124.91
-29.509,133.04,152.45
-67.887,285.33,153.25
-135.57,310.87,135.8
-155.44,419.83,121.79
-148.04,353.66,121.86
-99.502,254.85,126.87
-126.05,302.72,157.99
-49.2,251.7,128.9
-5.3941,175.77,130.76
-13.077,140.27,158.79
-0.35112,65.892,140
15.909,87.283,153.49
-104.85,307.2,167.56
-18.287,197.65,128.65
-164.62,371.24,159.56
25.373,13.307,132.59
-19.918,174.75,113.79
-11.447,80.841,125.4
-160.81,443.98,129.98
-71.693,262.29,117.43
-12.158,84.749,121.14
15.194,51.414,104.95
-133.13,358.31,167.87
-157.76,404.79,167.07
-54.09,192.09,115.53
-42.389,149.48,149.72
-63.632,260.27,120.12
-72.97,208.37,154.94
-22.052,115.47,115.18
-88.72,258.04,164.6
-68.933,241.12,115.51
-73.624,272.91,119.17
-122.82,312.48,164.64
35.901,51.231,99.769
-51.058,193.49,114.22
-74.907,289.44,159.19
-107.66,289.84,119.55
-149.1,428.52,135.47
1.2577,97.969,154.47
-95.44,238,139.26
-39.425,137.59,143.25
54.452,60.93,125.83
-131.26,383.97,161.49
-155.61,415.66,164.34
-162.3,422.98,119.35
-67.326,187.31,142.34
-32.278,183.94,161.72
-51.033,247.74,157.09
-6.5334,149.07,156.61
-175.13,462.94,125.79
-45.558,226.91,118.37
-164.23,368.32,158.22
-156.99,348.26,151.01
31.807,14.056,102.52
-150.92,432.78,146.08
15.658,27.674,119.43
-150.61,368.21,119.34
-121.85,376.29,156.71
-200.78,448.7,118.76
-193.06,457.43,166.42
-50.898,162.08,124.75
-183.75,488.17,139.35
-137.03,311.8,146.2
-111.78,298.8,165.72
-120.98,366.2,161.73
-139.92,414.94,141.94
-111.99,331.78,166.88
-183.8,392.74,149.17
-56.658,179.34,153.77
20.541,19.474,115.54
-42.787,157.02,117.81
-130.13,359.17,118.55
-57.287,260.81,125.29
-51.537,188.82,114.98
-172.73,444.03,163.87
-203.25,430.28,154.54
-117.65,368.54,157.19
-147.18,399.53,120.19
-218.29,455.91,154.45
-125.47,349.1,118.35
-36.859,185.2,112.28
-21.07,185.86,156.62
-184.75,395.34,134.32
5.9717,74.514,105.92
-132.09,384.38,123.78
-186.73,397.85,149.45
-1.0706,67.239,140.1
-44.909,194.33,131.08
-83.915,253.66,181.16
-151.41,335.28,179.98
-112.78,301.9,182.78
9.1239,15.688,129.38
-128.44,351.36,178.36
-34.341,191.15,136.59
-101.49,226.01,164.81
-121.74,335.88,179.7
-161.71,337.09,172.4
-130.46,296.49,137.58
-122.75,261.89,162.47
20.466,92.2,131.44
-32.511,98.27,157.09
5.6463,30.707,155.22
-35.684,126.31,127.66
4.7423,32.74,124.36
24.409,9.3787,158.69
-155.21,323.23,147.04
-175.77,449.13,151.62
-83.314,209.26,135.66
-143.84,370.13,136.2
-142.23,299.37,168.39
-83.953,250.64,131.94
-231.13,448.41,148.61
-217.32,434.62,140.79
-4.4523,132.01,130.58
-0.6526,44.612,124.95
8.3971,78.738,168.44
-52.72,136.23,159.68
-187.67,402.75,134.92
-230.16,451.36,143.71
-196.46,453.98,133.8
8.3594,55.72,117.43
-68.735,170.3,165.96
27.649,9.6011,113.69
-114.26,259.26,140.43
-108.05,237.7,148.19
-17.065,70.959,156.74
19.726,58.797,166.03
-210.91,441.38,180.08
20.401,29.092,162.96
-46.893,186.68,177.65
-134.61,378.47,150.01
13.3,63.973,167.3
41.3,44.693,122.41
-35.756,139.78,174.3
28.238,14.15,161.35
-115.67,315.2,181.93
30.045,75.112,130.95
-43.244,210.96,168.85
-193.91,461.07,136.92
-55.38,139.63,143.85
-169.7,343.22,162.99
-123.99,351.64,142.42
-199.71,475.44,138.68
32.184,75.165,135.82
-178.6,440.4,139.5
-200.29,396.8,166.18
-1.7989,42.719,127.35
-128.9,370.33,152.75
-28.237,90.101,156.39
-98.881,254.12,180.84
-53.499,168.61,129
35.442,48.267,119.73
-22.721,83.774,159.35
3.1097,51.907,163.54
23.498,90.89,152.59
-10.661,120.34,172.01
-48.416,142.01,169.31
-83.644,191.91,148.32
-202.35,419.62,178.45
-103.94,234.77,143.5
-221.58,465.73,132.63
-55.021,239.5,147.9
-19.097,138.41,125.53
-182.88,372.54,171.79
-82.597,199.85,139.14
-232.1,458.66,140.73
-61.103,191.28,129.27
-75.382,257.03,177.11
-159.39,422.94,156.74
52.656,29.24,124.81
-70.649,268.65,150.8
-88.475,300.97,162.35
20.728,28.419,162.88
12.787,5.0068,135.42
17.896,51.969,115.97
-111.56,337.11,147.68
-141.97,294.83,156.29
-57.111,156.6,169.68
-124.16,310.27,133.39
-233.14,449.03,155.84
-68.524,179.25,171.85
-41.127,134.21,129.13
-50.986,234.63,157.46
-146.26,312.03,143.55
-57.163,208.11,178.63
26.968,27.06,163.45
-160.14,331.52,169.93
-204.83,409.63,171.38
-190.84,398.15,178.07
-12.57,158.15,139.57
-58.172,181.53,129.19
-159.12,341.67,139.61
-29.082,94.97,159.65
-187.41,388.81,139.48
-189.67,445.9,134.7
-79.516,185.45,146.05
-121.24,354.19,168.75
-192.02,420.15,182.13
-74.567,192.07,173.32
-95.148,291.54,137.17
-8.5557,111.64,171.77
21.395,25.968,114.76
-75.234,236.03,131.39
14.585,101.32,159.91
-185.18,407.49,182.25
17.692,100.15,134.38
-32.469,101.47,160.25
-108.6,302.81,181.75
-123.01,268.43,144.93
-79.598,194.41,170.16
-148.05,402.35,151.71
-62.862,252.82,147.35
-4.6507,42.596,132.66
-63.52,241.32,174.15
-113.98,344.79,152.7
-129.86,304.38,181.32
-36.99,208.69,157.43
-156.29,413.6,168
-151.02,310.55,156.39
-104.51,326.73,166.88
-158.12,365.19,133.74
-203.68,480.31,137.76
-124.81,267.96,166.7
-114.38,285.18,133.56
-199.95,402.3,172.15
-26.277,105.87,168.23
-91.379,244.21,132.26
-201.45,462.82,179.98
-22.988,179.62,161.15
-25.661,181.43,164.56
11.782,97.559,164.32
3.8666,28.165,128.52
-48.725,168.91,176.99
-115.22,312.85,182.16
-155.08,372.37,183.17
-179.16,424.62,134.3
-189.88,455.89,137.64
-52.851,230.38,142.16
-15.723,146.19,129.16
-107.73,234.3,158.92
-46.69,135.3,167.23
-124.05,265.8,149.72
1.1844,93.573,169.89
-108.24,282.75,132.83
-9.7426,115.07,122.84
4.9253,111.75,165.37
-21.53,78.717,156.77
19.68,5.8533,119.92
10.448,22.15,122.79
-231.36,456.01,171.95
2.5171,112.89,166.88
-228.57,453.94,173.59
1.5624,29.929,147.9
-43.727,178.74,128.12
-227.91,447.89,143.53
-53.322,162.66,174.41
48.111,45.71,140.14
-18.337,80.995,127.91
-114.32,266.78,177.69
-132.82,374.52,167.97
-115.36,287.93,182.36
-18.448,66.512,141.92
-28.925,89.012,153.31
22.234,11.175,158.25
-137.25,290.15,148.76
-216.56,432.8,141.15
-8.5474,101.95,171.44
-115.65,248.35,155.6
-137,329.25,133.77
-216.51,453.01,180.32
-200.86,446.44,182.01
-149.53,385.46,178.76
44.451,52.202,144.04
24.943,48.447,164.91
-145.05,300.65,154.43
7.8581,113.22,131.28
-110.82,301.04,133.66
-25.338,178.92,165.89
-30.757,102.55,163.14
0.31423,85.877,119.61
-27.037,184.46,140.74
-167.88,389.6,133.25
-8.8486,123.47,171.11
-139.44,322.29,135.2
3.1403,68.684,167.8
-63.699,165.48,136.59
-116.66,263.76,140.44
-17.051,101.84,170.61
-119.59,346.08,173.28
-66.431,228.11,179.18
-36.957,184.78,131.75
-198.84,448.3,132.52
-95.736,276.54,181.69
-152.88,382.7,135.43
-163.67,391.47,182.56
38.789,51.672,155.97
-89.347,274.6,134.84
-209.23,420.57,141.38
-101,316.7,145.48
-123.4,339.59,137.51
-15.16,168.34,149.68
-198.83,467.23,136.05
-119.32,335.45,178.4
-173.73,350.01,162.74
-152.53,319.8,171.12
-207.98,406.93,157.65
-109.76,309.76,135.5
-28.802,193.09,148.43
-208.68,426.77,137.78
-130.23,342.5,135.27
-58.642,238.61,140.96
-25.162,91.86,162.17
-20.064,73.538,135.11
-180.85,386.58,179.97
-55.636,209.22,131.06
-191.74,381,152.49
-15.589,162.21,163.32
-109.31,249.74,140.49
-54.082,208.66,131.43
-153.24,318.89,169.09
-60.034,163.98,171.03
46.532,48.18,135.48
31.314,69.801,155.76
-154.53,323.13,146.05
23.334,52.676,116.51
37.652,53.237,156.52
-42.164,217.25,160.39
-27.048,89.384,157.8
-204.37,466.77,180.09
-157.36,417.89,164.35
-60.885,157.97,166.72
-71.887,270.51,163.79
-151.78,358.34,183.4
-224.25,444.27,172.27
-127.2,357.59,142.69
-135.73,380.91,165.9
-205.98,422.09,177.07
-38.095,105.09,151.47
-151.53,312.7,152.54
-192.19,471.88,144.82
-83.498,243.15,181.41
-154.51,356.59,183
-86.905,289.5,143.05
-168.05,424.89,174.38
-162.47,342.96,175.35
-173.29,445.72,160.86
-97.396,275.75,182.09
-53.484,162.33,129.97
-16.179,164.12,162.78
-181.14,410.97,132.88
-3.4706,37.19,138.35
-70.523,239.52,178.9
-84.716,276.32,176.77
-229.05,444.65,164.9
-115.74,263.72,175.32
-90.639,209.88,143.04
-116.89,267.26,139.02
-140.23,313.49,137.82
-54.878,164.4,130.27
-197.15,391.66,166.44
-21.707,161.58,170.3
-85.177,293.37,165.62
-106.86,259.8,135.16
-196.41,478.9,168.61
-83.957,209.18,136.17
33.157,59.162,158.69
1.8218,134.18,141.74
-199.37,456.88,180.56
-116.83,290.49,182.41
-63.368,185.91,130.4
46.161,25.414,158.18
-150.28,314.06,147.65
-213.52,439.58,178.48
-140.66,319.67,136.24
-97.738,311.72,146.01
-12.828,151.39,166.26
7.2968,20.337,128.71
-15.1,88.782,167.72
-144.4,345.91,133.62
-113.58,268.71,136.3
-33.818,186.97,171.01
-171.73,401.31,133.28
-4.3972,54.79,124.61
-98.773,280.61,133.25
9.2526,76.022,168.26
23.688,12.99,115.12
-78.636,204.3,134.08
3.2543,104.69,123.98
-74.876,231.94,131
-209.27,461.67,181.68
-31.408,195.74,161.75
-147.93,305.67,154.44
7.3538,15.728,136.64
-199.12,483.12,144.29
-192.11,404.48,179.38
59.265,23.04,140.6
11.959,13.383,125.81
-100.71,263.86,132.65
-104.22,300.29,135.37
-25.723,184.31,143.02
-42.114,211.6,141.82
-44.786,122.43,138.65
-29.107,104.81,128.89
-155.53,400.13,176.73
-145.54,398.82,162.96
-97.509,227.5,172.11
22.686,59.993,165.05
-156.55,408.97,172.57
-147.19,373.09,135.53
17.344,2.4366,148.57
21.456,71.494,164.09
-0.091378,66.449,119.54
-117.98,295.98,133.35
-216.08,455.72,180.86
-37.039,208.02,159.44
-18.292,119.23,122.97
-83.306,292.36,160.47
41.478,25.145,114.51
-90.434,304.9,160.79
-150.5,397.03,173.94
33.451,29.097,113.62
-233.09,449.04,155.05
-171.07,346.25,152.51
-87.097,202.22,143.73
-159.17,336,142.55
-52.655,205.95,177.4
-109.9,251.94,139.95
-37.875,187.19,173.91
36.354,68.451,144.89
-67.682,245.11,175.91
-110.95,314.89,136.33
-173.2,443,166.06
-51.08,184.88,128.25
-184.3,460.05,146.43
-203.06,411.96,174.79
16.295,38.086,115.77
-55.817,176.3,176.94
-37.817,193.9,135.01
-187.47,455.97,139.57
-73.556,219.43,130.45
-82.309,192.61,164.89
-155.91,320.63,151.89
-180.45,367.9,171.4
-7.5662,45.168,143.59
-213.3,433.51,138.04
23.728,64.526,119.73
1.4157,109.8,124.85
-116.98,342.59,172.56
-106.85,314.42,177.96
-227.31,458.06,176.49
-179.78,426.47,180.72
-192.48,460.07,137.5
-171,441.33,162.56
-190.87,406.77,135.15
-127.94,360.61,143.83
-124.8,264.51,157.62
27.802,30.617,113.63
-115.12,250.85,166.29
13.008,86.796,166.07
-64.025,254.49,146.9
17.111,30,116.06
4.9941,65.491,167.49
0.29735,77.556,119.13
-195.01,412.41,135.35
-172.99,439.62,145.31
-121.19,263.33,168.55
18.953,52.825,166.09
-215.4,474.89,131.92
-203.71,411.31,141.58
-201.06,436.19,132.69
-7.4596,153.67,152.07
-59.742,224.46,177.03
-47.103,227.21,158.58
-155.19,317.61,159.16
35.908,62.279,128.5
-30.394,109.27,128.48
-132.13,334.92,133.81
53.872,99.49,48.124
33.45,167.04,71.294
-88.392,375,43.703
74.838,143.24,68.203
97.591,56.53,65.182
-115.8,469.72,87.856
-33.653,292.97,80.497
118.82,77.628,34.717
-78.841,346.26,70.826
39.336,129.22,51.267
67.277,108.19,68.396
19.958,219.45,28.233
51.734,103.47,46.652
-47.152,326.68,35.804
8.5685,247.88,30.222
40.101,215.76,72.168
-140.4,453.64,48.154
-120.43,485.1,47.632
-1.2658,299.34,42.299
92.67,101.1,66.25
5.9123,206.63,36.72
-129.93,435.32,81.85
43.486,229.62,54.638
94.015,79.044,67.069
79.703,49.861,31.239
113.09,76.262,24.308
-43.728,379.76,56.086
-33.396,265.9,59.837
-105.88,478.19,67.218
34.29,236.59,68.596
-40.049,353.19,39.888
59.798,100.45,60.956
-81.664,398.44,38.383
45.956,125.93,32.092
88.831,140.47,50.339
0.95504,302.97,66.721
-64.581,404.29,47.603
108.45,56.411,64.529
-57.728,320.26,43.287
58.741,196.51,60.51
18.359,171.95,57.275
85.017,135.43,62.439
-19.305,298.77,33.46
35.28,184.32,25.995
110.93,66.989,62.49
-80.28,345.38,63.758
-113.81,415.78,83.828
-77.415,344.84,71.855
-2.6397,302.79,72.738
-124.22,422.24,51.415
-29.697,349.94,74.43
8.3325,265.15,78.353
-19.506,328.2,76.373
-128.99,422.43,65.195
-60.013,359.75,86.6
-76.133,339.14,65.648
-53.182,356.91,36.678
-117.44,413.61,79.404
26.664,239.99,34.19
87.165,110.98,21.615
14.903,233.79,79.166
-74.679,337.24,66.796
-100.89,453.18,84.858
-94.702,447.73,47.268
83.5,136.71,29.182
85.634,107.63,68.287
49.189,202.3,69.585
-102.03,447.46,42.811
-129.59,502.8,83.764
64.346,187.73,57.056
-1.6168,221.51,70.74
77.753,91.844,67.694
-139.23,440.65,57.539
-48.178,309.28,40.089
-66.333,388.44,39.611
-54.345,302.3,56.001
-37.727,321.69,84.645
80.925,150.97,35.931
17.268,194.11,72.103
16.309,277.15,63.395
-9.0054,222.64,58.961
-77.494,380.61,87.365
33.282,235.08,36.937
69.172,90.101,63.65
-128.13,484.28,43.431
29.561,218.16,76.887
-140.92,446.09,54.118
94.734,62.586,16.242
-142.52,518.86,86.467
-7.2491,318.61,52.204
-64.766,404.18,47.338
-93.579,421.38,88.852
72.564,169.2,38.815
-19.526,321.83,39.283
27.883,153.23,55.675
-23.635,264.49,38.464
-1.953,209,50.473
-150.22,482.03,89.718
-121.36,415.1,53.83
-81.63,440.68,61.729
65.219,83.561,56.09
-139.11,479.09,41.717
-112.96,427.07,41.422
56.895,174.54,71.87
-17.403,324.46,42.215
1.9853,274.63,79.399
-88.341,383.47,85.114
31.175,218.14,29.389
74.058,97.122,20.147
7.0881,285.35,71.984
62.947,189.83,42.441
94.928,128.23,48.848
71.457,173.18,56.811
5.4907,223.2,76.106
-168.59,498.23,86.216
-21.568,341.52,68.733
-133.1,490.56,43.394
-63.942,335.13,79.805
-143.64,445.39,69.246
-78.394,345.04,52.868
-127.05,445.6,88.117
-79.577,357.88,44.357
101.86,112.07,36.726
-39.528,374.04,63.892
-103.93,443.7,41.235
26.131,260.44,60.585
-43.939,358.69,82.48
87.286,143.28,41.882
-76.022,343.86,49.604
16.564,189.65,69.565
79.547,49.802,49.555
-57.088,401.74,67.385
-101.45,441.84,88.33
-78.023,353.34,78.244
-137.96,468.38,42.421
-10.762,228.53,63.763
-118.71,478.18,86.767
-90.2,361.34,62.79
89.298,61.606,17.87
86.526,63.862,18.796
-135.7,439.71,78.783
116.36,84.603,40.616
81.593,132.62,25.855
100.84,114.36,51.356
48.864,164.1,74.227
77.404,92.982,19.401
-104.08,391.35,49.703
-82.893,407.82,39.335
-4.2461,220.09,66.634
19.905,206.55,28.43
41.606,205.47,29.876
-53.587,330.6,83.43
-104.03,383.44,63.654
-88.494,385.25,85.586
-130.2,429.39,76.631
-94.252,368.63,58.14
88.961,58.188,63.269
-63.455,320.66,69.35
-130.09,428.51,75.804
-123.96,448.99,89.756
-130.2,466.47,41.18
18.519,175.54,39.504
-98.47,393.15,43.567
-37.884,348.88,81.92
-1.6557,307.28,67.261
21.913,225.21,78.275
-134.94,476.61,91.453
-119.4,429.55,86.288
-61.386,397.33,79.569
86.14,82.858,67.526
107.82,102.22,44.662
-129.26,501.74,84.062
60.479,141.11,72.412
-17.969,309.71,81.415
-110.45,479.67,78.046
-55.293,368.79,38.333
72.901,129.22,21.708
61.872,194.09,54.263
-125.01,455.32,90.46
-106.06,389.15,55.478
44.021,122.11,54.797
-144.96,461.35,48.046
-75.225,355.97,81.777
122.84,67.285,49.487
-99.621,468.15,69.295
35.407,235.45,67.885
-131.97,499.18,46.637
-5.203,280.72,81.073
-78.109,405.77,40.099
38.19,130.81,47.611
-50.687,296.59,54.016
-6.366,254.54,79.907
35.693,186.07,25.954
28.553,247.25,39.741
56.137,161.9,24.252
-132.52,434.09,77.927
86.361,126.69,26.639
-94.82,421.27,89.041
-147.39,498.69,92.213
68.45,69.971,37.746
98.512,85.538,65.679
-71.26,332.93,68.978
-6.9307,236.45,74.086
71.859,95.437,66.772
47.288,114.53,39.285
53.06,164.46,24.236
61.35,117.3,68.648
117.56,82.039,39.816
-122.38,494.03,51.37
45.414,132.26,29.755
-70.607,416.94,76.734
52.578,195.43,32.655
102.77,54.712,15.103
-93.62,397.13,86.917
5.2061,222.74,75.839
100.09,118.09,42.903
86.187,90.75,18.109
-78.29,429.36,76.859
7.5011,190.92,50.696
-122.38,420.04,50.787
49.33,108.49,43.395
-8.7243,221.48,51.644
29.663,237.4,35.111
62.495,85.012,34.676
-108.72,415.59,86.498
-96.628,463.2,70.233
-125.16,443.62,42.603
-96.549,381.73,78.68
-104.63,401.25,44.608
-152.4,494.67,91.723
96.105,56.408,16.061
-137.8,439.42,56.066
28.967,203.41,77.168
-37.189,292.93,38.157
71.424,89.09,64.621
-60.53,363.59,86.701
2.3357,296.61,44.645
102.39,113.26,41.856
-137.92,438.45,73.322
-106.94,406.73,44.025
82.759,58.769,59.897
-5.4943,312.34,47.514
-117.85,432.02,87.731
-53.53,308.54,45.779
17.503,188.31,33.531
-104.64,404.65,43.333
110.75,96.162,41.139
-50.531,363.8,38.644
-15.782,258.85,34.891
77.532,57.491,28.975
93.084,72.896,16.685
94.81,89.11,18.865
-24.256,343.37,48.411
59.513,191,37.221
-172.46,489.46,64.374
13.738,283.81,56.606
-11.253,310.95,40.001
-68.091,331.71,48.091
-25.987,331.18,39.226
-166.82,483.31,58.545
-91.979,453.29,55.265
-167.78,497.77,86.571
-140.82,508.65,89.125
-21.216,253.5,41.616
69.802,134.51,71.186
39.474,130.02,41.023
13.771,282,63.099
-134.49,485.7,91.158
42.125,219.9,36.595
34.523,211,76.008
-132.64,516.6,59.016
80.947,47.336,30.966
-21.214,313.86,35.82
-12.346,245.85,36.587
61.153,148.5,22.982
-88.828,448.33,54.939
-72.2,425.81,67.563
104.72,103.71,53.667
-66.66,414.27,72.798
52.279,136.24,24.315
108.02,101.65,45.56
8.0504,226.87,77.892
-19.874,261.19,76.242
-41.812,373.77,51.411
-24.025,348.55,58.525
-142.15,449.73,79.269
39.671,181.65,75.572
-36.002,289.56,38.477
-127.93,422.52,71.732
73.472,158.02,64.599
-89.995,443.81,80.386
-98.711,465.81,71.746
56.439,168.8,25.615
117.71,81.801,42.835
-172.92,491.04,61.794
-9.0421,314.65,72.831
-122.43,464.36,41.145
-22.013,253.79,69.979
-92.599,371.31,75.02
-87.171,447.41,57.282
-108.78,415.33,42.331
106.77,93.743,57.295
41.366,233.42,50.98
89.459,136.12,37.078
-94.7,405.44,39.349
0.3689,204.92,56.848
39.897,129.3,40.745
-86.573,356.72,56.356
79.823,137.67,66.274
38.843,140.92,63.22
-47.281,291.07,52.939
-63.562,321.59,50.184
16.352,224.18,78.633
-129.06,431.11,50.621
-113.54,485.83,55.844
39.418,227.17,38.392
-126.52,484.08,43.956
-171.38,493.89,54.778
86.537,108.25,67.936
-27.921,355.01,62.598
-86.998,420.48,87.249
-123.51,469.19,41.595
78.29,137.19,67.436
-40.032,291.63,76.008
-65.523,413.4,55.426
-41.286,347.08,37.497
17.554,263.97,72.33
-39.607,371.29,52.689
84.646,97.815,68.675
-58.19,373.34,38.522
-120.91,410.83,59.502
-13.701,328.54,51.023
2.7675,302.65,54.645
-52.111,393.06,56.257
52.258,211.74,46.195
62.835,176.63,67.268
20.052,230.38,29.255
-60.09,399.87,49.405
-76.551,354.43,43.42
100.15,116.56,38.671
53.655,194.57,33.117
-176.83,498.71,76.6
-75.823,404.42,40.512
107.38,101.73,48.889
11.116,203.86,72.149
-65.361,340.64,40.712
75.201,121.33,70.328
-147.99,452.33,70.46
-147.96,461.75,82.079
50.622,191.73,71.779
67.102,114.58,21.135
3.7868,220.84,33.184
-124.5,506.72,68.1
-86.904,356.03,63.008
60.891,195.25,45.181
-141.86,476.78,90.852
9.2822,274.45,37.574
87.611,79.041,17.489
-34.917,355.83,76.702
75.996,54.001,44.705
-8.2424,322.03,59.084
-80.993,435.38,53.447
36.433,142.33,35.27
121.42,73.131,36.027
-48.945,304.04,75.157
-9.9343,295.27,80.713
-150.83,464.08,80.686
-75.725,425.49,51.349
-4.9146,229.36,36.883
91.605,66.915,65.927
19.192,217.96,28.245
-97.835,465.91,65.908
-116.05,404.31,71.417
-56.439,361.06,36.801
72.254,64.224,33.713
25.247,205.63,77.288
69.478,122.21,20.775
-125.92,499.37,51.522
-35.247,322.61,34.659
25.061,239.35,33.015
-85.616,373.68,42.298
-71.211,354.13,40.023
-9.1933,323.6,57.774
14.639,177.2,51.802
-0.50511,220,36.883
-68.518,327.57,53.828
61.146,104.91,64.331
55.332,185.16,30.081
-11.495,310.75,39.725
-41.662,332.72,35.189
-140.15,441.77,92.444
44.101,228.7,69.271
-1.9834,305.73,66.013
73.189,169.41,78.073
-67.445,329.57,91.754
-116.24,493.27,92.451
-24.817,333.56,60.795
-5.0391,218.69,64.944
-112.8,413.56,103.24
65.123,184.42,59.716
-26.345,253.94,78.258
-51.507,366.76,104.32
-75.862,366.48,59.414
-42.179,336.01,55.425
-129.77,508.41,73.931
118.18,75.779,72.348
46.573,128.55,83.455
-139.77,472.07,62.469
-83.241,435.55,69.992
-169.91,500.82,69.13
1.1756,234.92,51.751
80.878,130.92,87.533
-37.521,279.56,65.931
-66.218,369.75,57.065
-96.291,463.41,81.315
-7.8656,232.55,90.882
-113.9,455.18,109.93
12.693,217.87,97.13
-5.8065,295.54,98.819
7.7069,283.88,61.146
100.97,63.832,35.884
-38.028,278.26,87.45
119.57,58.575,79.117
26.828,253.22,88.148
55.564,135.81,91.094
-86.667,448.96,82.155
-166.6,481.08,90.884
78.276,75.848,41.424
-66.711,323.49,82.417
-63.722,348.58,104.48
73.355,131.61,90.576
-88.217,359.61,77.261
-4.0746,218.15,84.388
-12.41,268.78,52.278
20.683,246.49,96.351
32.668,218.53,49.858
109.55,78.871,80.956
-19.554,302.25,53.852
-62.751,398.63,65.42
82.441,133.81,46.632
110.76,66.307,38.503
22.121,240.73,51.923
-143.14,448.89,75.407
79.286,50.738,52.449
-2.2502,236.34,53.096
-93.019,441.38,65.026
72.765,171.91,76.081
-82.098,387.74,107.63
-20.667,244.86,81.203
-43.93,329.9,105.06
57.121,160.49,44.147
15.835,237.69,49.688
120.02,74.489,52.315
-64.171,411.47,91.805
-83.829,438.43,97.228
8.2024,293.54,81.416
-150.49,459.03,77.23
-91.506,369.6,70.783
40.983,163.04,93
82.377,121.53,42.492
-94.612,388,103.4
-23.989,347.8,86.293
98.525,58.92,85.569
105.41,89.401,81.072
11.952,216,50.241
-11.903,316.71,62.349
51.516,204.98,56.775
-57.271,361.33,106.45
-84.289,388.97,107.47
73.574,70.555,77.165
9.9223,244.15,99.85
78.514,106.58,39.476
79.928,145.89,50.455
46.572,178.43,94.96
-50.393,374.75,101.35
-100.6,446.52,107.07
-113.68,488.76,79.225
16.861,278.5,73.072
19.562,232.57,98.573
99.535,47.568,83.986
109.95,57.856,36.166
7.9919,227.27,50.267
85.213,143.14,55.253
17.683,275.4,69.12
-90.189,394.28,59.592
68.869,76.03,50.834
23.545,224.17,48.812
3.7329,270.29,53.103
-0.78145,276.13,53.099
-107.5,405.35,65.198
-37.253,283.61,62.655
107.03,93.245,77.839
57.062,98.774,54.097
-6.1158,219.29,81.157
-100.33,394.71,64.464
50.536,198.11,52.063
-138.26,444.26,72.323
-73.281,389.75,107.53
-53.57,396.59,87.335
64.422,189.02,76.137
-60.357,316.85,90.125
-107.11,471.89,100.5
-48.173,326.31,56.223
29.632,229.26,51.705
-42.045,358.13,101.75
99.192,49.657,84.298
-43.953,285.13,81.639
59.658,177.61,49.552
-3.4541,305.23,63.601
-71.764,410.67,64.835
81.131,44.37,64.095
45.26,222.14,83.339
-31.082,322.48,103.99
84.462,121.54,87.33
0.80245,258.46,50.832
58.331,102.6,80.23
-48.071,378.84,66.759
-11.199,311.36,59.982
-86.98,443.13,97.567
39.392,216.23,52.291
-114.77,409.19,98.664
-13.411,233.52,66.608
-72.75,335.92,73.001
56.346,163.39,93.391
-110.26,483.91,79.755
77.202,56.038,70.588
-16.934,289.86,102.79
-50.133,391.88,81.435
-137.9,457,106.85
-106.71,479.11,81.092
92.384,59.784,84.712
59.816,172.2,91.047
-118.48,426.68,64.205
26.107,160.11,59.838
-46.151,318.86,102.84
116.59,76.483,48.001
90.46,53.361,38.759
-96.22,401.59,60.352
-96.283,442.97,105.9
-4.4584,278.36,52.668
-98.09,461.95,96.568
-9.7799,324.97,81.877
-71.146,386.92,58.136
-41.6,284.35,68.661
27.553,248.55,59.066
15.909,198.44,92.748
71.926,137.17,42.916
75.317,56.409,57.414
-68.417,387.42,58.708
-96.627,464.08,81.866
-83.089,383.74,58.994
-113.92,460.08,61.951
-85.169,358.66,93.221
39.743,145.89,86.51
12.275,218.25,97.098
86.747,55.352,40.639
115.17,75.774,76.746
-41.04,285.25,66.669
56.29,95.113,62.757
47.723,112.48,66.692
7.4389,279.04,58.145
-57.502,342.51,104.88
-34.774,279.81,62.103
80.564,104.37,89.377
6.6763,193.72,75.741
-59.072,404.59,76.581
-102.41,436.21,109.36
-27.384,354.08,85.062
-69.611,393.59,106.11
-41.524,282.83,85.7
12.584,285.68,81.377
14.852,201.62,93.339
-81.723,440.39,90.154
-18.789,276.03,101.09
101.57,112.39,55.266
-111.2,434.96,109.7
70.336,73.586,75.024
58.908,185.1,52.389
-107.6,415.7,61.838
-1.9912,247.97,51.252
-128.99,489.52,108.85
55.232,120.97,86.685
-37.787,316.04,104.15
-166.7,500.56,108.29
108.02,101.42,57.665
119.76,58.942,78.841
-9.964,321.69,88.715
-112.32,479.72,100.9
93.799,118.59,48.665
-69.429,421.08,89.79
67.236,184.82,72.297
-117.7,477.58,106.54
61.308,183.5,53.736
-22.427,253.92,89.002
45.23,202.85,92.646
-49.082,298.8,67.734
92.764,128.27,54.436
39.003,134.02,58.38
74.822,69.043,46.632
-7.7849,220.98,69.915
-53.062,354.34,56.378
-88.331,396.95,58.857
45.186,128.25,81.737
107.13,80.825,41.496
-117.97,463.36,61.629
-142.01,472.16,63.139
-122.27,424.7,101.86
-84.088,376.37,104.56
-46.559,385.12,87.418
-1.151,309.21,83.843
-23.825,259.39,61.617
-62.793,404.05,97.089
-6.5007,250.35,52.434
-112.07,406.84,68.508
-55.98,306.4,84.795
-6.9966,257.09,51.822
88.838,56.117,82.407
-116.13,419.94,65.238
-7.586,237.84,56.129
-47.834,387.04,87.824
72.205,66.634,52.364
37.505,240.65,78.634
-99.78,439.01,108.37
-10.524,275.67,51.941
-109.05,405.24,101.66
13.477,216.77,97.108
6.332,272.96,54.941
42.463,190.71,46.589
-169.31,499.3,106.01
87.267,84.781,37.764
54.2,204.66,82.583
70.517,68.105,54.976
-55.241,314.84,95.472
-39.076,306.7,55.997
96.099,89.697,86.387
-127.73,511.9,84.442
-14.953,236.75,66.239
52.84,115.76,82.355
-154.16,501.58,112.27
88.575,96.965,38.986
-6.7331,228.43,59.72
-169.53,500.66,106.55
-103.83,389.04,71.817
-18.04,260.6,96.915
-82.685,436.78,71.787
-108.17,470.01,102.8
-115.43,483.86,101.52
96.235,65.479,86.167
-6.7728,310.82,63.824
-29.234,312.08,104.03
-89.568,446.39,71.264
-77.621,400.35,107.53
-80.477,394.48,58.172
106.53,104.99,59.041
-152.74,498.51,62.594
-121.18,498.25,96.826
52.777,178.26,46.591
80.16,150.43,53.671
-93.342,378.47,66.543
-61.122,321.57,66.789
12.235,276.31,91.843
-77.885,348.54,68.839
-151.96,458.56,89.59
9.5204,218.25,96.18
-126.76,446.47,62.728
11.77,252.86,99.052
99.563,75.182,37.224
87.28,142.95,59.613
11.358,226.53,49.431
-111.95,419.12,106.06
-14.444,243.96,91.348
116.31,65.185,79.684
-63.579,319.04,75.259
-111.29,474.67,103.05
-38.196,357.68,62.877
47.31,115.91,73.726
109.55,85.121,45.36
-80.37,378.41,106.41
87.089,43.675,75.509
-128.98,425.53,76.678
-154.08,498.91,62.777
-149.65,511.47,111.84
55.413,99.122,71.942
13.163,284.86,80.721
57.61,167.6,92.725
-107.9,390.12,82.258
-58.044,399.92,72.038
4.8542,276.42,97.8
-126.49,471.17,61.404
-65.638,364.78,57.009
-67.826,351.15,103.67
65.282,177.58,84.755
83.062,56.918,78.93
42.869,175.83,95.16
-8.8689,322.53,73.502
-77.469,345.11,91.433
-116.43,445.02,60.406
-101.3,381.95,75.447
-45.312,287.16,80.21
-56.177,343.85,105.37
-2.5962,281.91,53.9
44.646,208.07,52.316
58.869,183.74,88.522
68.936,106.63,88.434
86.852,130.21,83.258
-34.099,349.89,99.275
29.933,228.86,51.719
-96.207,411.46,108.75
93.015,53.005,83.301
23.424,202.58,47.909
49.66,116.82,79.242
-119.55,470.79,62.749
-28.849,289.62,54.9
46.163,119.21,75.246
64.043,80.955,56.858
-64.038,400.02,100.85
-90.978,445.21,100.83
-5.9254,221.52,63.764
28.563,191.29,95.662
-20.477,288.09,52.937
-1.5761,250.47,100.06
30.549,147,67.418
-15.844,301.47,102.05
-24.771,268.8,58.002
-30.905,300.34,54.258
-51.151,355.01,105.79
78.116,77.954,41.091
-4.3713,222.25,60.613
-11.856,328.7,80.879
-60.849,318.45,69.108
-104.79,457.21,64.751
73.957,141.49,89.293
-32.764,274.87,92.286
28.998,177.81,92.46
106.53,94.302,47.649
-69.58,422.2,87.435
-92.233,454.52,94.351
-123.84,447.64,61.549
-1.1223,226.22,93.286
38.837,227.13,89.074
12.197,287.18,77.723
61.801,191.01,80.548
-136.19,488.25,62.225
-2.1167,254.9,50.939
-96.238,408.25,108.34
-91.601,386.56,104.49
81.38,43.851,56.344
-100.93,464.7,72.692
75.755,63.016,74.596
-106.8,395.08,70.758
-63.5,412.88,80.62
-159.15,474.02,75.642
-127.41,496.9,105.24
5.9351,195.82,77.726
-139.11,516.92,70.226
-72.989,349.36,99.972
-39.649,341.75,104.27
-58.604,404.86,86.901
-91.807,445.86,68.398
-43.671,373.37,95.698
-120.63,429.64,105.5
15.076,221.66,98.26
78.698,53.742,71.203
9.3793,188.37,69.225
-89.253,385.09,61.058
-12.47,289.87,53.117
-3.699,218.1,62.828
-110.37,482.23,95.541
-138.67,468.01,109.85
-58.736,405.45,80.835
-107.8,424.82,60.35
-154.52,493.13,110.94
-84.18,375.22,61.172
7.2961,212.98,53.412
44.891,226.69,78.186
-130.06,427.47,93.903
53.89,103.67,56.173
-91.382,410.73,58.872
-123.57,434.75,105.91
68.217,107.98,88.528
9.9655,228.02,69.782
-2.0629,302.27,113.28
-69.08,383.08,127.29
-31.36,350.14,117.03
77.604,55.182,89.445
-53.392,396.48,108.23
22.12,226.14,68.88
-21.805,271.93,118.83
-45.051,381.86,109.92
-81.993,383,126.84
-70.334,331.75,94.046
-45.396,306.4,118.78
77.588,127.64,62.31
47.751,144.54,110.53
87.148,77.767,106.89
24.887,161.99,81.637
68.887,69.999,83.15
107.35,57.581,105.01
-88.947,361.49,107.7
-120.4,483.36,86.409
-20.934,245.82,90.932
-92.106,401.84,79.262
-63.142,344.89,123.57
-29.183,283.87,76.428
-167.26,484.92,115.99
-158.46,468.59,106.1
51.291,166.51,64.351
63.185,81.741,83.244
90.227,127.27,101.51
27.485,182.48,113.06
-133.13,434.85,93.884
-169.62,486.11,110.82
-147.94,483.52,83.177
64.838,89.367,69.09
13.24,217.65,117.14
84.827,43.398,68.583
-50.407,296.46,97.776
-38.048,278.13,106.43
63.923,117.68,109.36
100.87,106.97,98.97
-132.19,487.03,130.6
103.76,77.831,104.85
35.406,235.59,108.86
-77.977,413.56,82.148
95.618,112.65,102.12
96.074,78.599,57.264
49.049,189.48,113.54
111.31,62.718,103.47
-36.015,362.63,114.17
87.485,110.75,61.418
30.157,255.61,92.962
-145.08,491.08,82.048
16.001,180.85,101.46
-94.617,386.29,122.42
-69.865,385.14,78.035
-150.81,505.58,82.546
91.948,112.22,63.914
-128.29,471.43,81.266
-125.18,439.81,126.81
63.847,80.772,86.291
-70.667,406.39,83.341
51.976,136.34,109.93
-14.55,303.46,121.46
5.2889,203.5,80.574
89.298,81.477,57.525
59.002,130.96,110.88
86.828,100.62,108.57
92.068,132.91,77.181
70.952,168.9,103.07
35.598,190.75,116.3
-11.762,233.4,105.87
-123.12,465.41,130.77
-36.904,273.64,101.34
-170.75,495.72,93.234
4.9245,276.7,75.349
35.614,171.82,66.997
-104.49,417.61,128.19
-17.118,237.97,95.924
-173.87,492.2,107.52
-3.8763,225.49,78.547
2.1912,303.69,104.31
-100.56,459.24,88.567
108.81,64.067,57.093
-10.219,306.12,78.05
-22.762,341.4,87.719
104.08,77.149,104.8
85.434,46.762,95.084
72.336,84.805,63.604
-54.777,372.33,79.176
-69.07,336.75,115.47
26.697,205.18,117.32
-69.4,343.12,83.228
-164.96,487.91,122.5
15.484,227.98,118.94
20.177,170.25,83.585
14.229,274.87,81.784
-82.045,349.27,103.15
24.625,256.79,109.26
109.69,75.683,102.06
-81.322,376.86,125.67
-127.74,453.86,129.67
-110.99,444.3,130.12
46.102,194.58,68.294
-0.19474,216.06,79.637
-98.817,376.84,98.884
52.442,142.03,111.5
-128.47,423.07,101.29
-140.78,475.76,82.326
-8.7673,226.33,103.65
-53.257,395.71,95.916
-112.69,466.48,127.53
9.6126,240.93,119.81
-41.005,324.91,74.961
73.727,160.46,104.2
78.07,59.594,68.223
-20.36,269.36,75.263
87.441,145.61,84.864
-105.3,454.13,127.38
75.875,136.26,63.842
49.115,148.57,112.01
-28.638,350.43,113.58
-56.302,307.08,103.57
3.408,242.43,119.58
-91.287,437.49,84.205
-3.6149,289.59,75.546
64.499,82.497,92.033
12.389,287.2,99.816
-55,381.32,82.182
-46.486,353.01,124.96
29.207,249.49,81.292
-90.457,453.76,98.138
-78.559,352.2,116.16
-36.862,368.16,92.882
-104.49,397.21,86.981
-155.23,510.12,82.694
-45.549,313.6,121.44
-57.881,318.85,85.049
-122.31,446.89,129.6
58.039,154.89,113.31
-34.203,278.31,82.788
-127.43,506.76,118.88
46.707,222.33,84.573
46.175,225.27,88.187
88.125,143.6,90.943
71.119,67.03,88.17
35.966,218.66,114.56
-35.199,360.45,114.76
-75.363,419.44,121.06
-129.5,454.88,82.18
-140.67,486.16,81.804
4.7395,266.12,72.356
39.341,180.14,65.593
-31.325,278.29,115.47
36.763,183.63,115.67
-54.123,306.15,108.61
83.113,142.2,102.44
-52.939,315.96,81.686
44.949,148.33,66.358
81.165,157.77,91.55
59.229,125.29,109.69
82.297,42.273,79.007
74.126,59.146,81.76
-155.45,499.5,131.81
79.879,159.46,93.75
-151.97,497.9,132.08
79.825,74.954,103.84
11.407,212.26,71.363
-167.39,482.63,110.4
31.616,212.19,117.03
111.41,84.77,66.67
45.404,118.15,85.065
-30.667,315.35,124.21
-65.938,415.38,96.037
-31.798,336.92,122.24
55.119,108.87,100.08
49.839,134.37,108.28
105.07,59.268,105.4
-68.781,329.67,108.35
-157.39,466.94,106.46
74.872,151.18,106.76
-41.582,291,113.37
-82.287,361.96,85.353
-138.22,498.44,130.61
-123.57,491.85,124.86
-75.076,430.12,110.7
109.71,92.361,69.871
105.92,96.515,98.127
-73.424,341.86,114.11
64.318,148.23,63.3
-57.08,333.7,78.476
47.528,223.29,89.756
51.983,150.41,112.93
55.361,119.08,66.612
31.331,220.69,69.832
-116.08,420.73,85.093
71.501,171.48,100.43
-82.538,355.95,89.868
86.941,117.85,106.94
1.6121,203.52,93.141
-52.983,300.87,97.85
67.466,151.3,111.02
-48.266,389.37,100.81
14.62,276.44,109.17
18.151,218.74,68.521
-149.82,477.87,85.204
-14.563,324.79,113.8
-101.65,414.02,80.19
-85.341,437.82,119.96
111.81,95.949,82.41
-35.246,307.79,74.778
-149.59,455,106
-44.582,351.7,77.381
-70.482,372.15,77.435
48.239,207.56,74.57
-150.43,496.92,82.406
-43.73,380.9,107.67
-98.986,392.88,122.56
-72.831,365.7,125.63
-137.62,447.15,121.72
-56.371,342.48,76.756
33.004,231.4,74.231
-152,459.71,101.12
-77.717,374.58,78.778
-1.7917,273.87,72.359
57.478,139.65,112.09
49.03,113.46,93.738
-100.17,433.36,129.23
-0.85265,242.74,71.581
-123.67,420.03,116
56.349,206.09,87.061
-45.023,287.18,97.754
0.70268,242.23,71.14
-74.422,364.23,124.74
24.056,212.76,117.89
107.18,85.727,63.279
103.11,113.48,81.26
-88.925,361.05,106.58
76.992,85.333,60.703
110.98,97.673,83.033
25.459,258.83,84.036
53.832,136.04,110.54
-130.29,510.71,119.48
-93.961,456.73,94.712
21.77,205.76,116.82
-4.2296,312.05,88.178
-70.619,406.03,123.42
-147.85,488.07,131.4
-73.15,391.05,78.356
-70.351,420.95,94.268
-127.2,467.53,131.07
39.113,149.55,107.44
-81.425,353.05,112.87
-140.74,503.71,83.984
-0.14681,292.37,116.29
-72.84,404.4,125.19
-30.693,324.36,75.353
-98.048,467.14,106.49
-81.763,389.54,127.83
-112.74,482.91,93.065
-15.587,324.27,115.29
6.6998,197.86,83.134
55.305,207.76,86.43
-130.05,441.62,86.195
69.376,79.103,97.284
9.5578,287.39,107.99
-8.2657,322.39,103.79
-155.95,486.38,128.39
-32.737,311.79,124.09
-22.888,249.16,100.6
-54.439,303.75,95.872
-80.516,348.49,94.887
5.4454,199.99,83.563
-121.76,434.84,126.7
55.33,208.05,96.097
-17.2,335.05,90.547
-47.372,294.88,89.343
-131.85,518.11,102.61
-21.163,245.94,91.716
107.71,104.23,85.547
62.359,171.72,68.686
-124.6,501.2,119.86
-33.314,339.44,122.38
-4.3663,220.9,82.268
122.67,71.356,87.518
-83.323,352.72,108.01
-134.97,484.98,131.38
-82.587,353.87,92.129
-40.934,346.96,77.369
61.725,196.62,90.874
75.102,59.479,88.628
69.228,137.91,111.48
-90.7,378.11,84.638
-53.443,304.07,91.478
42.354,233.03,96.199
-120.81,432.05,83.926
58.54,91.487,82.166
-44.663,313.52,77.212
91.197,124.59,101.67
81.921,47.286,70.959
-17.31,240.35,88.486
57.637,138.11,62.814
-19.727,265.34,75.948
-132.72,506.66,124.99
37.956,238.26,85.173
-76.458,346.78,114.31
80.209,57.615,96.018
-148.23,514.59,84.275
-112.16,450.78,130.02
123.89,62.801,67.223
78.245,51.709,85.756
-44.303,297.59,82.723
-50.623,333.14,76.241
33.698,221.2,70.867
15.896,247.61,71.405
24.111,162.31,96.4
33.891,141.63,85.064
-83.126,443.72,108.32
-82.459,437.55,92.419
-14.669,275.42,121.71
102.58,107.62,96.17
-87.481,450.83,103.15
-95.628,404.62,79.801
96.859,48.217,103.31
99.465,118.28,92.798
57.637,100.68,72.426
-62.416,329.22,83.81
-137.94,501.16,129.98
30.377,249.49,83.05
37.464,152.81,70.147
-18.409,332.36,85.819
94.471,57.58,56.778
-25.773,344.75,86.503
-80.143,439.61,104.2
86.872,61.506,59.545
-165.36,487.66,121.87
-102.01,385.93,114.28
-18.556,241.91,101.33
-96.435,372.4,102.82
27.922,254.09,106.37
-46.11,289.12,97.038
40.625,234.38,100.68
101.34,108.48,70.436
9.4502,291.58,102.45
-57.587,347.66,76.586
-109.39,481.97,97.79
4.6248,218.53,73.887
-131.77,492.55,84.14
-124.7,457.04,130.59
72.811,71.687,68.402
29.127,226.05,116.44
18.023,228.44,68.866
-137.64,486.71,81.876
-17.246,253.24,78.404
-1.5063,239.22,117.61
-86.453,360.6,112.58
-102.09,412.95,127.85
67.864,88.55,101.33
-156.55,466.44,102.01
77.494,97.549,59.503
55.922,143.33,63.049
-46.055,385.68,99.774
-30.909,360.12,106.3
-149.89,502.64,132.38
-104.32,471.32,117.6
-143.45,490.23,81.961
-109.31,479.16,94.333
-136.17,438.91,94.723
-73.534,394.31,78.779
-50.145,307.47,115.47
82.046,63.272,62.34
-35.514,296.71,120.55
91.573,133.89,94.707
-5.0439,291.09,75.384
74.745,64.072,70.506
88.718,114.62,106.57
56.21,111.05,68.664
-140.21,444.55,95.609
-120.35,472.21,82.739
-40.92,309.59,122.13
101.09,101.38,101.19
-167.34,503.82,86.499
-143.7,445.98,105.68
-149.89,466.59,90.126
57.88,193.99,76.261
19.389,271.92,104.76
19.044,267.97,82.574
-81.399,359.99,118.62
92.663,97.487,59.91
31.997,145.81,84.185
-79.06,367.06,80.951
57.375,106.32,-22.818
44.392,178.78,-12.982
-99.087,374.05,-24.824
79.772,152.89,-32.124
108.54,68.501,-22.275
-109.78,479.28,-2.7885
-22.553,304.83,-4.1047
106,77.641,-63.916
-72.197,354.85,-1.1414
43.181,136.31,-20.725
78.479,120.19,-17.47
2.1427,215.6,-53.509
54.26,109.75,-23.88
-63.167,323.42,-40.446
-9.9446,243.81,-53.723
43.67,224.82,-30.268
-149.88,452.93,-14.489
-138.13,481.41,-35.46
-18.268,296.93,-53.782
99.021,111.33,-31.585
-2.8575,206.96,-35.241
-119.99,445.62,10.682
34.753,232.22,-49.676
103.59,90.625,-25.321
75.848,52.497,-36.134
95.684,73.391,-68.222
-56.281,379.9,-42.269
-30.189,272.65,-12.233
-114.34,480.21,-26.756
34.077,243.76,-35.735
-58.694,349.4,-49.078
69.261,110.94,-16.646
-99.755,394.18,-39.562
38.332,126.76,-38.264
81.617,143.82,-53.027
-3.3034,307.96,-37.379
-81.428,401.65,-43.966
117.07,67.557,-28.953
-66.761,320.3,-26.789
55.034,201.83,-44.284
23.544,179.88,-16.524
85.945,143.08,-40.1
-37.886,294.64,-50.072
18.222,180.74,-53.789
116.51,76.789,-35.01
-77.204,351.87,-5.4837
-103.03,426.8,8.6512
-70.262,353.74,-0.75452
-2.8565,309.89,-30.652
-130.54,423.29,-12.131
-30.484,356.64,-27.568
14.394,275.38,-21.693
-18.094,336.08,-25.596
-126.77,428.1,1.1146
-49.823,371.51,-3.7343
-71.904,346.31,-4.594
-71.738,352.67,-45.106
-108.18,423.56,7.9633
8.152,236.55,-58.745
68.232,106.92,-65.537
24.505,245.56,-15.721
-69.814,344.79,-3.9938
-96.994,461.8,-8.8152
-112.19,444.43,-39.606
65.949,133.89,-65.111
93.512,118.56,-27.893
51.5,210.73,-33.541
-120.63,443.18,-38.754
-127.86,510.11,-7.6464
58.888,192.11,-47.592
7.9592,232.22,-9.1626
88.889,103.88,-19.254
-141.91,443.53,-4.1908
-59.237,308.35,-31.519
-85.163,384.22,-44.491
-54.439,307.12,-13.758
-27.489,333.57,-6.9332
65.666,149.67,-62.604
27.911,205.61,-10.965
10.924,281.57,-41.215
-4.8196,230,-14.295
-66.545,392.52,0.79457
15.771,232.39,-58.998
79.847,101.45,-16.939
-146.67,479.75,-34.032
37.356,229.2,-21.317
-145.95,447.69,-7.4242
78.029,58.949,-59.933
-139.12,526.92,-2.8386
-20.26,318.65,-48.359
-81.713,401.48,-44.033
-84.438,432.53,-0.70204
57.949,168.33,-60.902
-37.961,318.33,-52.177
32.997,161.09,-17.763
-33.953,264,-33.8
-1.9307,213.99,-20.879
-138.57,493.51,14.756
-125.87,417.13,-9.8409
-92.451,441.56,-33.946
73.283,93.095,-18.575
-155.9,474.93,-27.562
-127.57,424.06,-27.636
62.87,184.72,-28.135
-34.945,321.63,-51.908
8.4924,285.06,-20.012
-77.067,395.15,4.4444
12.143,214.09,-58.662
58.581,94.081,-55.138
7.06,292.58,-31.733
49.291,189.57,-58.61
87.442,131.41,-54.106
66.554,177.84,-47.623
16.542,235.1,-9.6035
-157.77,508.8,17.879
-25.867,346.39,-34.142
-151.61,485.97,-33.04
-53.473,346.28,0.45216
-139.63,451.97,5.9364
-81.698,347.99,-14.814
-115.53,457.16,10.853
-89.174,357.53,-24.395
88.548,111.87,-62.673
-47.704,376.7,-37.024
-122.56,439.23,-37.781
19.671,264.28,-44.135
-38.831,368.28,-15.785
75.244,143.9,-59.445
-81.42,345.71,-18.333
26.525,200.63,-11.213
85.961,58.234,-21.98
-63.898,405.05,-32.343
-93.963,452.19,-2.5394
-68.35,363.84,2.0235
-153.1,464.94,-24.564
-4.3783,237.19,-11.318
-113.91,487.12,-4.4211
-88.037,367.24,-5.1831
74.625,58.847,-55.289
72.566,61.436,-53.648
-127.03,449.13,10.358
106.33,86.252,-60.012
63.089,129.07,-65.382
95.57,118.72,-51.533
59.041,176.05,-18.701
61.467,89.731,-56.422
-110.8,392.34,-15.994
-101.51,403.44,-40.853
3.7081,229.73,-10.395
3.9702,203.45,-49.581
22.679,201.63,-60.576
-42.359,342.54,-1.3783
-101.89,389.25,-3.0278
-77.171,396.99,4.3772
-122.32,438.37,8.5538
-94.946,372.91,-8.5474
100.18,69.964,-19.286
-56.939,329.24,-3.64
-122.57,437.26,8.1173
-112.56,460.72,9.3576
-147.18,462.29,-29.405
13.256,177.66,-31.288
-109.89,391.78,-24.434
-32.851,358.47,-16.83
-5.7251,312.36,-36.721
30.912,236.75,-17.924
-124.36,488.04,8.9196
-108.11,440.94,9.7344
-60.005,404.97,-19.258
96.883,94.835,-21.573
99.204,104.7,-57.137
-127.27,509.18,-7.2983
70.667,153.03,-20.061
-11.494,320.07,-17.237
-112.24,485.3,-16.266
-74.163,364.57,-46.079
54.124,125.04,-62.602
54.436,197.39,-50.164
-113.89,467,8.6597
-108.89,392.18,-9.7926
49.957,130.41,-18.633
-154.72,460.46,-14.206
-64.447,367.29,2.3671
118.96,72.277,-51.886
-106.69,471,-25.827
34.749,242.39,-36.587
-150.05,495.09,-33.705
2.7153,291.77,-16.384
-96.89,401.47,-42.411
39.984,136.72,-23.334
-51.777,300.87,-15.717
4.6858,266.67,-9.0097
18.298,182.36,-54.565
11.807,245.08,-57.678
37.37,157.76,-60.55
-124.13,443.36,9.5089
68.235,123.43,-65.788
-85.333,432.56,0.1861
-137.13,509.91,10.213
67.532,74.246,-30.545
105.61,96.078,-30.847
-65.208,341.2,-3.0237
3.4421,247.73,-7.8949
83.062,107.33,-17.632
44.998,118.15,-30.198
34.496,160.35,-59.544
72.528,129.24,-16.53
107.22,83.501,-60.568
-138.86,491.16,-34.066
35.72,132.04,-41.584
-71.809,423.17,-21.85
34.577,192.37,-61.807
85.039,50.668,-63.116
-82.241,408.95,4.8825
16.222,234.6,-9.5122
89.727,119.63,-58.674
68.235,86.704,-61.791
-79.721,435.43,-20.968
8.3955,196.4,-20.868
-129.08,420.9,-13.025
49.788,113.61,-26.46
-8.519,226.57,-19.73
11.474,234.22,-59.002
58.892,87.864,-33.861
-97.349,427.18,7.8381
-103.04,466.43,-25.383
-139.15,440.81,-24.561
-87.137,391.93,4.7149
-115.45,400.13,-22.464
-140.96,506.23,13.871
79.893,52.962,-59.062
-141.39,441.81,-5.7838
39.042,215.34,-16.476
-49.095,291.62,-34.54
82.37,100.67,-17.189
-50.714,375.21,-4.4774
-13.638,294.88,-53.25
91.683,114.59,-59.387
-131.72,446.35,7.8061
-118.41,405.27,-23.179
93.143,69.806,-18.491
-20.589,311.13,-51.138
-106.38,443.65,9.2394
-60.336,309.75,-23.877
7.3447,187.92,-38.996
-116.63,402.95,-24.422
100.45,97.688,-59.754
-69.413,359.67,-47.117
-28.755,257.08,-39.397
71.766,59.134,-38.843
75.519,68.948,-61.643
75.936,84.893,-65.668
-39.672,341.89,-48.729
43.406,189.22,-60.987
-171.94,493.82,5.8894
4.1201,285.87,-46.883
-29.306,307.77,-53.2
-74.118,333.27,-20.502
-44.556,327.54,-51.241
-169.74,485.83,-0.01888
-106.25,452.06,-36.646
-156.84,508.44,17.818
-134.84,517.99,1.1899
-28.712,254.45,-29.574
78.511,145.85,-24.419
37.462,133.82,-28.893
8.0206,286.21,-41.399
-125.4,496.53,5.7969
24.886,217.4,-59.913
41.902,221.85,-22.75
-146.06,515.54,-28.887
77.059,49.948,-36.322
-40.189,309.79,-51.554
-23.221,245.1,-36.284
42.594,144.38,-60.502
-103.18,447.08,-37.258
-79.447,428.77,-30.549
101.49,109.14,-48.892
-70.415,419.18,-26.353
37.753,133.7,-50.841
99.942,104.44,-56.395
19.131,239,-10.767
-9.3199,272.59,-6.0212
-56.509,372.64,-45.212
-34.539,349.97,-42.606
-133.4,459.15,11.512
49.877,193.62,-17.506
-47.485,288.46,-33.995
-122.26,430.18,5.4967
74.623,165.82,-38.398
-89.298,450.89,-15.76
-104.26,469.5,-23.789
37.438,164.71,-61.682
109.06,84.221,-58.265
-173.97,494.53,3.7174
-9.662,321.52,-30.363
-140.56,459.83,-33.264
-13.558,263.73,-7.4506
-84.529,380.69,2.6714
-100.39,446.85,-36.141
-122.04,412.98,-25.921
106.56,100.73,-44.388
30.457,234.79,-52.373
75.316,135.48,-62.294
-110.84,401.87,-33.397
4.0868,212.01,-16.135
37.75,133.03,-29.14
-88.035,360.63,-10.852
83.533,146.72,-34.838
47.859,151.19,-14.675
-48.837,295.11,-16.887
-67.863,324.08,-18.549
26.705,236.2,-14.165
-136.15,431.72,-12.544
-128.01,484.3,-33.314
22.682,225.01,-59.097
-145.03,479.64,-34.497
-177.02,494.93,-3.3756
93.969,118.99,-28.861
-36.333,357.6,-39.13
-79.827,430.79,-5.4348
-141.85,464.61,-33.703
82.992,146.72,-32.931
-30.096,302.51,-3.5071
-79.072,412.81,-40.075
-60.208,342.94,-48.432
18.734,271.83,-31.246
-53.651,370.56,-44.772
94.26,109.45,-24.18
-77.048,369.1,-45.597
-121.75,414.84,-4.508
-27.553,328.06,-48.457
-8.5232,303.73,-47.583
-64.86,393.03,-41.205
39.652,212.12,-55.98
64.872,184.91,-35.672
1.297,226.28,-55.955
-76.145,397.78,-43.871
-86.75,353.8,-25.842
87.623,116.84,-61.508
35.834,191.64,-61.82
-169.94,506.7,15.078
-94.605,400.18,-43.01
101.27,105.6,-53.502
21.572,215.21,-10.241
-77.226,339.23,-30.316
84.247,132.78,-24.337
-143.45,459.17,7.3404
-138.22,471.76,13.497
55.34,201.34,-29.609
51.06,111.33,-55.47
-8.511,219.42,-40.863
-132.98,508.58,-23.709
-84.495,362.09,-5.3599
48.4,195.68,-56.906
-130.38,488.41,12.368
-8.8815,271.26,-56.212
70.652,75.337,-59.68
-34.289,363.24,-24.55
79.774,60.883,-24.887
-17.696,324.12,-43.508
-95.833,433.89,-39.124
30.078,143.84,-35.142
109.48,73.645,-63.096
-39.557,314.5,-2.6633
-3.343,305.71,-18.18
-141.66,473.69,13.392
-91.346,423.56,-40.874
-14.725,229.15,-35.52
102.64,78.916,-21.294
1.7252,214.25,-52.631
-106.82,467.71,-28.798
-110.23,412.15,3.7446
-74.901,356.83,-44.354
69.176,67.311,-34.146
35.761,217.7,-14.9
51.761,118.3,-59.321
-142.4,496.47,-33.478
-53.512,318.51,-46.954
6.271,235.67,-58.544
-97.421,372.2,-27.106
-84.24,352.14,-31.417
-19.419,325.25,-44.423
16.726,183.34,-20.119
-9.8404,220.03,-35.325
-70.698,331.18,-14.655
71.641,116.15,-16.124
36.793,181.68,-62.375
-29.633,307.52,-53.217
-59.844,328.63,-45.814
-123.31,455.66,22.778
43.556,235.94,-38.54
-6.4787,310.51,-37.04
80.364,180.89,-31.213
-48.905,344.99,13.235
-110.78,503.06,-5.8542
-31.873,336.54,-36.059
2.3067,227.92,-10.83
-91.055,430.77,23.597
61.462,189.76,-45.033
-12.497,266.73,1.3347
-33.923,383.26,2.9494
-78.896,370.22,-17.469
-49.41,338.16,-30.955
-134.26,512.33,-16.714
126.76,87.808,-34.154
67.175,145.42,0.013771
-143.88,474.87,-9.2291
-88.452,439.4,-25.197
-168.75,505.93,4.78
-2.1966,238.77,-29.22
97.195,146.97,-17.178
-32.025,287.75,-9.167
-72.765,372.02,-25.74
-96.606,470.12,-17.139
12.594,249.39,6.6558
-93.896,472.36,17.272
34.907,236.28,3.9474
10.114,311.44,-6.7319
1.7118,287.73,-39.972
93.934,65.971,-48.8
-20.238,293.34,8.0062
134.03,73.572,-24.762
36.626,266.11,-21.298
77.808,154.19,-1.3824
-86.29,456.14,-17.803
-151.19,493.92,25.299
76.824,80.408,-35.054
-52.689,336.24,7.4225
-41.344,366.8,15.343
92.647,149.02,-10.738
-78.095,370.06,5.2822
14.032,233.49,3.6854
-17.638,271.78,-30.875
37.101,262.68,-9.5359
24.746,220.83,-43.932
124.08,93.951,-23.512
-27.172,304.39,-35.302
-69.205,401.82,-29.707
75.228,136.71,-50.28
103.07,68.578,-53.11
14.241,243.12,-42.761
-136.25,457.19,9.3585
87.237,60.048,-19.883
-4.4401,240.73,-26.638
-100.02,443.92,-25.104
78.563,182.65,-33.224
-59.964,405.94,16.898
-4.9678,258.74,2.9802
-22.28,348.15,9.8858
49.484,162.65,-45.445
8.2666,239.89,-39.992
117.24,80.155,-50.195
-57.377,422.38,-12.386
-74.11,450.76,-4.8096
12.124,303.24,-27.515
-142.63,467.8,12.013
-85.769,377.67,-0.70623
63.228,181.41,0.5163
74.538,123.78,-49.851
-72.6,405.57,20.74
-18.894,358.03,-21.114
120.36,77.147,-7.8679
119.32,104.2,-24.109
8.3589,219.75,-31.048
-18.14,320.33,-37.364
45.88,209.09,-45.475
-36.708,379.13,9.456
-62.014,407.18,17.672
93.668,86.95,-3.4158
30.572,262.18,-0.015233
71.735,108.88,-45.61
73.659,149.5,-49.417
66.793,196.29,-5.6487
-35.758,389.82,-2.282
-83.439,462.5,9.9834
-115.46,494.47,-16.157
16.598,285.87,-34.501
39.326,250.26,-3.1478
121.85,65.838,-6.363
102.26,59.883,-51.988
3.5955,230.66,-32.035
81.038,148.11,-47.963
15.486,281.63,-37.101
-94.313,397.43,-17.211
74.36,84.093,-22.507
15.929,226.37,-41.15
-4.1766,272.54,-39.918
-8.6692,278.33,-39.034
-106.85,410.68,-6.2192
-34.188,290.53,-13.008
118.32,106.73,-28.636
63.42,107.34,-19.854
10.402,233.66,2.0468
-99.947,399.96,-7.7942
43.383,201.16,-46.533
-133.35,451.56,5.5435
-53.077,407.3,11.198
-49.172,406.27,-17.561
69.434,199.35,-33.377
-42.279,332.02,11.625
-95.895,484.82,1.2989
-52.543,329.57,-24.093
21.831,231.75,-43.893
-26.438,373.73,-1.9274
121.46,67.935,-6.5345
-29.271,298.36,4.9432
52.242,180.43,-47.724
-8.9614,309.37,-37.904
-78.548,413.55,-28.495
96.122,57.588,-10.158
53.26,234.1,-26.508
-11.353,340.04,3.8714
101.29,137.82,-16.66
-6.2284,260.79,-36.548
78.536,119.14,-1.6498
-53.745,382.64,-31.33
-18.156,314.47,-38.028
-77.14,455.5,-4.1127
31.921,219.03,-45.243
-94.63,425.31,22.49
-5.6366,242.97,-9.0694
-64.588,345.39,0.045937
75.966,180.98,-8.0763
-111.71,489.84,-16.293
94.943,70.916,-6.3188
4.0044,307.96,4.3307
-49.014,399.75,-22.684
-115.5,474.5,28.117
-107.39,485.51,-15.908
114.74,78.048,-5.2627
76.292,188.39,-14.42
-119.3,431.2,-6.8957
32.93,169.03,-15.555
-23.829,337.12,12.662
111.75,80.879,-52.119
88.371,57.567,-37.539
-99.819,404.94,-15.299
-80.075,458.51,7.6479
-12.223,280.52,-37.909
-89.356,473.65,-3.9852
-6.6202,334.19,-26
-78.542,388.9,-27.086
-34.49,293.38,-6.1304
21.608,252.46,-42.661
37.742,216.31,4.3887
64.091,139.32,-48.087
85.99,67.216,-15.451
-76.059,389.4,-28.354
-96.663,470.94,-16.717
-87.399,386.85,-18.67
-121.39,461.86,-20.934
-66.555,374.02,16.055
60.928,163.2,1.2287
34.496,236.65,4.0507
86.113,60.26,-34.55
126.75,89.366,-29.054
-35.268,293.57,-8.2397
68.126,106.66,-11.708
60.945,124.84,-8.8327
0.4768,282.21,-40.714
-35.204,360.81,13.854
-31.949,286.61,-13.745
101.59,122.42,-7.8707
21.332,207,-2.0002
-60.772,410.76,-24.981
-82.227,453.56,15.771
-23.216,363.78,-21.94
-51.393,410.28,6.8928
-24.701,297.32,7.3368
16.759,295.53,-27.769
36.773,219.57,4.5213
-76.606,450.26,-12.009
3.4276,294.42,8.1096
98.624,118.05,-48.383
-89.06,452.98,21.427
89.409,89.331,-4.0855
52.19,188.46,-47.297
-110.22,419.43,-11.75
-6.8464,251.15,-31.579
-111.54,505.42,15.109
77.1,138.76,-0.26092
-15.871,334.38,9.6996
-144.2,517.87,33.053
106.74,108.04,-47.047
133.98,73.821,-25.189
-2.5027,333.25,-19.698
-101,492.67,2.3194
87.732,122.28,-50.799
-64.117,431.15,-13.715
70.165,193.99,-36.71
-101.96,492.74,10.343
55.124,187.23,-47.172
-3.2855,269.88,7.3389
61.069,218.77,-13.75
-43.1,307.2,-6.755
88.788,133.33,-48.592
46.227,143.12,-16.474
77.836,75.805,-27.106
2.5248,231.81,-6.1118
-60.283,356.45,-29.319
-93.567,399.62,-19.613
65.122,144.67,-0.42239
99.788,83.483,-52.955
-125.33,465.1,-19.818
-145.35,475.29,-7.4571
-101.1,441.44,24.725
-61.751,394.32,18.991
-41.824,395.03,-18.176
3.6882,319.39,-24.854
-20.477,266.5,-14.455
-52.286,416.95,-6.9695
-10.201,254.04,-28.785
-108.95,413.4,-1.4985
-40.249,320.19,8.0689
-11.867,260.25,-30.925
111.05,74.052,-3.9364
-115.88,425.01,-5.4911
-7.3154,243.41,-21.694
-42.902,397.05,-17.692
79.227,75.484,-20.513
41.76,250.59,-31.054
-81.014,455.75,12.694
-17.225,278.1,-34.216
-87.735,422.17,22.662
35.686,235.19,3.7985
-1.3883,275.5,-40.771
34.731,192.89,-43.963
-147.44,516.11,33.156
80.915,87.194,-45.601
62.538,216.79,-27.126
79.105,77.8,-17.972
-34.832,331.51,13.382
-42.552,310.41,-23.779
114.63,106.69,-14.792
-127.2,518.83,-10.833
-7.5469,246.01,-9.4109
73.434,132.6,-0.70149
-131.86,519.37,28.628
81.003,99.045,-48.951
-3.3277,235.59,-16.696
-147.5,517.57,33.303
-97.929,397.12,1.4939
3.8116,278.45,8.9559
-87.163,441.1,-24.497
-95.216,483.83,4.2191
-103.77,496.96,3.3702
117.93,83.68,-8.0045
-12.314,314.92,-37.456
-8.402,330.1,5.8604
-94.398,450.44,-23.751
-58.08,417.59,10.596
-87.188,396.62,-23.916
105.8,111.95,-46.178
-158.04,500.7,-9.3883
-113.06,509.44,-1.1204
44.87,180.5,-46.247
75.025,154.8,-48.402
-90.85,384.83,-5.4822
-56.587,329.17,-7.2061
23.6,289.99,-16.823
-72.837,356.32,-3.8743
-136.86,471.34,22.473
31.728,236.53,4.9208
-129.6,449.95,-9.0365
30.448,270.08,-4.216
91.982,77.225,-50.263
85.191,149.18,-45.747
5.9831,229.5,-34.386
-89.546,436.88,23.669
5.9143,260.73,7.4606
130.77,80.198,-24.38
-53.519,329.58,1.4324
-98.268,488.5,4.8486
-44.947,360.81,-33.813
64.069,130.33,-4.1969
103.34,88.632,-52.623
-57.956,396.62,17.687
107.47,60.19,-4.6114
-120.77,434.65,9.0165
-159.09,501.21,-8.5961
-129.76,528.35,22.844
71.993,113.4,-5.3261
16.978,294.52,-28.366
76.053,184.7,-10.536
-95.568,401.67,11.513
-61.833,404.85,-27.699
20.876,292.39,-8.0605
-133.49,472.92,-17.382
-71.644,367.26,-24.672
-45.507,369.21,16.32
76.514,191.19,-23.936
104.28,74.046,-3.5302
64.23,194.11,-2.6233
-10.221,329.18,-32.236
-59.405,360.18,14.213
-122.25,447.26,-16.307
-92.861,391.4,4.8894
-31.456,299.9,4.0373
-34.027,362.16,13.086
-10.496,284.16,-39.061
37.347,211.01,-45.862
72.532,198.58,-19.166
91.245,124.94,-2.5972
99.79,144.61,-23.668
-20.197,364.69,-5.981
22.138,231.36,-43.94
-74.119,429.57,18.941
115.4,71.146,-4.7373
18.272,205.65,-35.504
68.949,132.8,-1.5748
-127.01,472.58,-20.213
-32.466,293.29,-25.51
63.529,134.01,-3.3352
73.106,90.936,-16.556
-50.652,414.39,-2.1984
-78.871,458.74,0.074956
0.5356,230.28,-12.05
50.698,209.73,1.4595
-26.506,290.75,-31.363
20.42,268.91,4.8884
42.589,158.75,-8.4727
2.8995,318.66,-0.23109
-24.555,274.32,-19.418
-35.969,303.36,-27.938
-31.205,372.57,7.2889
76.218,82.307,-35.83
-0.053318,229.88,-15.569
-9.3858,337.53,-26.663
-54.643,326.93,-4.6763
-111.97,459.5,-23.178
91.073,157.94,-14.936
-12.768,291.35,9.6865
51.105,195.92,2.6707
100.89,98.223,-51.808
-65.709,431.48,-15.759
-84.788,465.57,-6.8791
-128.03,450.52,-11.953
20.317,243.77,6.478
50.529,241,-19.882
14.197,295.82,-30.785
69.482,202.78,-29.073
-143.3,489.91,-16.165
-8.0705,257.62,-33.761
-73.934,426.4,19.577
-69.329,404.38,20.274
92.066,54.635,-16.094
-105.39,468.88,-21.472
95.046,78.873,-4.4445
-101.77,402.67,0.62366
-63.27,420.15,-21.758
-152.65,481.99,11.401
-113.26,511.18,9.29
21.547,209.66,-0.66508
-145.14,519.76,-16.681
-51.549,366.64,16.964
-20.836,358.88,3.3891
-54.661,414.25,-17.413
-97.758,449.15,-24.512
-33.231,386.34,-10.064
-98.396,447.17,25.149
36.969,240.09,2.3469
96.823,68.849,-6.0369
20.632,199.72,-6.9914
-91.473,389.13,-13.952
-20.098,292.02,-36.323
2.3013,226.61,-13.048
-102.74,493.24,-3.6384
-115.96,485.92,27.659
-58.238,412.9,-22.161
-112.46,427.61,-15.425
-131.74,510.96,30.275
-85.912,379.53,-13.902
6.734,218.16,-25.075
49.459,236.8,-31.57
-112.29,442,22.277
61.316,112.82,-17.87
-97.937,412.86,-21.86
-101.27,452.3,25.66
90.525,126.29,-2.5052
16.01,237.42,-18.417
20.335,322.17,0.25856
-37.696,406.99,25.877
-8.0723,370.37,5.9952
105.92,76.035,8.1615
-37.336,412.75,-1.6019
25.706,234.65,-25.518
11.428,296.32,24.627
-27.572,398.96,-0.83218
-48.495,407.5,32.954
-50.285,347.95,16.013
-12.606,330.31,28.074
80.858,136.1,-33.686
81.085,169.04,15.463
120.4,102.38,9.5218
43.855,177.76,1.3173
93.253,88.583,4.0177
138.62,81.51,2.3832
-61.943,381.49,28.498
-116.21,492.01,-5.2306
0.11908,262.73,10.316
-85.923,410.91,-3.2235
-29.697,369.3,30.727
-19.927,294.67,-7.1401
-138.23,505.52,43.822
-134.32,486.43,35.939
55.18,175.06,-28.362
87.038,100.06,3.9426
113.15,147.39,-10.751
60.738,206.94,17.978
-115.82,449.16,21.876
-143.21,505.15,40.853
-140.56,492.72,8.0031
79.441,102.72,-10.073
46.566,242.36,19.046
101.79,57.872,-8.5482
-27.081,314.55,17.723
-9.6311,299.21,22.614
97.329,142.3,13.114
123.21,126.75,-12.891
-101.66,510.11,34.337
132.84,100.84,-1.5679
57.62,255.46,-5.2057
-74.353,422.11,-12.501
119.89,133.42,-9.1196
99.857,86.99,-33.89
77.693,212.48,3.9732
140.31,85.661,-2.5588
-15.184,381.57,2.8361
90.762,119.25,-35.129
41.713,269.7,-20.205
-139.88,499.36,3.3051
45.082,202.4,16.122
-61.746,409.96,35.824
-66.135,393.43,-12.042
-146.27,513.58,2.7531
95.608,121.17,-36.194
-123.9,479.53,-1.1934
-91.598,463.78,41.136
89.414,100.07,6.182
-66.727,415.27,-13.686
85.325,160.84,14.965
14.529,326.6,13.333
21.561,217.87,-0.34196
94.067,90.187,-30.648
92.335,155.65,13.232
117.95,124.57,4.3526
100.29,144.94,-32.096
92.568,188.42,-10.614
68.06,215.33,13.423
17.664,255.16,20.133
-91.194,489.17,35.558
-10.929,293.29,19.356
-155.27,508.77,25.223
8.3515,285.57,-25.401
43.109,181.84,-18.906
-70.867,442,36.809
7.1018,256.65,14.242
-149.36,510.12,38.993
9.9288,238.59,-3.0391
18.609,320.43,-9.4692
-95.48,468.7,-7.9191
112.17,72.438,-37.089
-6.5442,315.16,-23.21
-16.22,352.35,-18.864
133.16,100.16,-1.5907
116.63,69.39,10.452
83.133,96.236,-17.247
-51.405,380.78,-16.079
-37.965,359.37,30.267
59.377,229.83,15.106
-57.116,355.25,3.8793
-133.11,510.27,46.63
47.997,252.58,16.143
39.962,186.47,3.106
19.808,285.33,-25.258
-57.169,368.08,24.611
46.13,276.29,-4.8875
136.42,97.589,-6.4743
-47.766,401.28,33.45
-94.012,478.15,40.711
-78.754,468.27,34.258
49.306,203.19,-30.522
14.837,229.79,-1.5709
-77.038,393.82,22.926
85.805,166.7,14.25
-106.26,440.06,28.308
-134.12,484.69,5.5088
19.836,247.59,18.766
-44.001,408.13,-10.902
-84.62,488.56,26.791
41.908,265.46,16.401
-36.02,333.75,-13.419
96.625,180.63,-8.8804
93.846,73.487,-9.6624
-11.38,280.05,-8.8666
99.067,159.67,-27.246
-76.972,476.39,26.036
79.137,144.84,-34.035
82.474,173.24,14.642
-7.8124,369.4,1.7074
-30.115,326.77,22.457
36.498,267.17,19.339
-87.359,446.19,-10.257
-0.28398,298.33,-24.107
92.92,103.48,9.7117
26.694,302.81,-13.957
-51.136,390.26,-16.257
-16.407,376.46,19.9
35.251,260.27,-26.835
-81.117,465.95,-4.7723
-47.452,374.76,31.739
-28.523,380.13,-14.607
-91.106,409.67,11.127
-150.43,518.19,4.0793
-12.228,337.97,28.109
-43.363,332.17,5.7349
-88.664,471.21,39.581
89.637,179.13,8.6941
-19.721,291.69,2.2271
-107.01,524.82,16.896
55.108,234.58,-26.443
56.291,238.54,-24.222
103.3,159.64,-22.393
98.289,87.227,7.4529
63.578,241.19,3.7686
-13.884,379.64,3.4625
-51.275,439.81,14.142
-122.12,464.22,5.0056
-135.75,494.37,2.0253
7.9725,274.61,-24.517
44.238,189.05,-24.531
0.89713,301.83,25.653
69.63,208.32,14.336
-25.394,327.37,25.338
105.81,162.23,-10.299
-40.804,328.09,1.1669
53.595,158.85,-17.914
96.008,173.66,-22.06
92.632,149.89,13.84
105.69,60.243,1.2203
98.244,77.564,3.107
-121.72,523.64,44.96
95.955,176.03,-20.128
-118.5,522.01,43.636
113.09,99.18,12.191
20.225,222.9,-13.449
-141.15,501.6,40.274
62.279,236.09,10.028
116.82,94.92,-37.246
68.539,136.15,4.9387
1.2538,339.65,21.208
-56.993,427.53,-9.2662
-3.7121,359.52,14.087
86.143,131.53,13.592
82.92,158.58,15.489
136.75,83.36,3.4876
-40.737,350.4,26.702
-133.02,484.92,36.083
100.26,172.58,-4.877
-10.401,313.79,26.221
-69.043,374.5,7.4127
-108.15,521.27,34.484
-98.479,512.37,23.603
-58.289,446.64,2.9267
116.18,103.22,-36.023
128.3,116.29,-13.391
-42.983,364.03,30.234
67.746,156.67,-31.312
-48.406,344.11,-4.0777
58.544,237.08,-23.22
85.083,175.11,13.173
66.248,130.63,-15.182
34.517,229.26,-28.476
-104.86,432.02,9.4801
91.191,190,-13.703
-65.906,370.25,12.763
114.78,140.38,-1.9639
25.572,222.07,11.395
-29.749,318.9,17.972
96.564,174.46,2.5928
-36.319,403.38,-8.164
35.215,295.45,-4.9335
23.269,227.75,-21.37
-140.2,488.12,12.276
7.3273,344.38,1.2714
-94.871,423.29,-0.59125
-62.562,457.45,13.668
124.41,110.45,-28.652
-29.075,317.15,-11.883
-125.27,473.01,34.732
-41.252,360.09,-17.298
-65.201,380.97,-8.3752
52.789,217.35,-30.703
-144.86,505.31,4.9442
-27.621,397.26,-3.0402
-66.138,416.49,36.524
-39.313,390.21,31.808
-105.62,469.85,42.222
-49.986,351.84,-8.3528
36.883,240.69,-29.168
-130.61,476.07,31.007
-70.702,384.12,-3.9121
1.5719,282.34,-23.031
90.578,164.34,12.509
76.991,134.23,10.878
-68.908,457.01,30.555
6.1561,252.55,-15.121
-93.706,441.56,37.733
66.602,219.43,-25.337
-21.422,305.44,17.32
7.2514,251.84,-16.202
-40.914,388.63,32.459
56.5,237.34,14.851
111.33,95,-37.701
114.26,127.2,-29.644
-62.488,380.72,27.758
85.249,95.551,-22.288
123.85,112.33,-28.198
32.443,270.2,-25.299
87.223,160.64,14.456
-109.56,528.92,17.851
-86.303,467.89,-6.2573
54.985,230.51,17.367
3.2043,323.63,-20.592
-44.247,427.58,17.13
-114.17,512.25,43.619
-69.449,399.31,-11.631
-62.352,432.5,-9.7162
-94.654,491.5,37.508
71.607,173.31,16.579
-51.749,374.7,30.61
-136.98,511.68,-1.3633
24.935,313.63,4.345
-44.854,426.73,20.229
-27.29,332.76,-18.859
-84.488,481.7,2.0899
-48.646,414,31.682
-106.16,493.24,-4.3795
7.3937,344.41,3.1527
24.916,213.25,2.4533
65.168,220.88,-25.709
-118.52,452.96,12.25
100.31,101.64,11.934
28.916,305.73,-6.1277
7.2119,338.58,-9.3139
-122.25,510.17,46.427
-0.017604,336.36,23.338
3.4667,269.06,17.88
-32.438,321.08,16.452
-60.429,364.65,17.622
23.838,215.48,2.8811
-88.186,458.85,40.547
70.55,224.2,-18.393
-9.2228,346.9,-18.033
-29.095,310.22,9.9767
-121.27,530.69,3.6519
0.35276,263.11,11.013
121.68,119.52,-26.3
65.945,180.73,-32.887
-103.39,519.7,17.644
-5.2213,362.04,14.324
12.234,235.44,1.4295
139.51,88.151,-23.802
-55.973,372.96,28.064
-103.22,508.57,37.129
-64.399,368.99,15.13
-37.627,355.39,-18.017
74.424,211.35,-22.737
102.83,79.991,7.7189
100.09,161.82,5.8238
-78.53,390.05,6.9872
-34.123,319.94,12.418
56.582,248.63,-18.144
-110.92,442.65,8.0031
81.305,109.22,2.9434
-36.201,323.89,-6.2923
114.4,144.85,-10.404
100.21,62.472,-6.1926
2.4631,256.57,7.9545
63.39,147.31,-24.923
-9.9298,276.42,-7.5362
-107.91,526.96,24.639
46.109,250.36,-25.604
-46.024,368.93,30.694
111.4,80.265,11.005
-144.43,522.51,-0.012034
-80.653,474.44,32.959
130.33,73.57,-37.58
104.86,71.544,5.9748
-30.652,310.51,2.3572
-44.298,342.51,-9.3252
36.962,229.93,-29.183
19.094,256.14,-26.254
51.424,182.77,12.991
55.914,159.05,4.7056
-68.062,459.23,1.7562
-75.556,448.33,-9.0267
18.401,300.12,21.742
122.95,126.39,-16.204
-75.485,464.59,-1.7837
-88.882,413.92,-1.6017
130.37,72.707,9.7978
117.07,135.6,-20.105
73.87,114.9,-6.6802
-49.181,341.86,4.3672
-108.64,523.63,33.056
37.19,260.76,-26.156
48.978,164.71,-12.025
-12.487,342.93,-20.186
101.14,67.021,-27.24
-19.819,355.31,-19.046
-67.363,453.87,-1.9171
95.938,72.051,-21.909
-133.76,509.86,46.443
-72.288,407.47,33.922
8.4092,262.18,18.068
-72.286,390.71,25.869
47.58,272.63,-8.2082
-22.976,307.12,16.829
57.486,251.43,-14.11
107.45,119.15,-35.484
25.161,307.96,-11.531
-51.784,356.77,-9.293
-100.65,493.64,-2.3987
15.23,230.03,-9.4551
-128.03,500.65,-3.1354
-91.447,481.28,38.757
87.993,85.299,-10.028
58.02,249.18,6.9711
22.033,237.07,-23.853
-133.3,494.74,0.1832
-4.8767,265.6,-3.5589
31.819,263.79,21.578
-57.055,382.05,31.071
-68.458,437.35,36.528
100.04,111.95,13.158
-134.75,482.99,32.334
83.322,106.71,-27.044
61.406,152.43,-25.277
-34.585,399.43,-9.1522
-15.058,376.42,-5.3883
-117.28,526.48,41.3
-83.981,489.53,12.989
-138.49,498.43,2.554
-102.14,489.89,-4.2755
-118.39,453.44,23.081
-69.972,402.56,-12.034
-18.487,330.55,27.94
93.309,74.884,-17.518
-2.2092,321.12,26.591
109.55,151.44,-18.658
-1.7486,299.79,-23.85
91.791,78.64,-7.3097
116.47,137.1,-2.3293
69.186,123.62,-11.761
-121.97,459.3,24.433
-116.69,480.28,-4.8332
-7.5069,334.13,27.157
125.39,122.15,-9.6869
-157.35,514.12,15.756
-119.4,464.03,33.739
-135.97,478.99,19.37
63.473,204.47,-30.98
37.267,289.5,-9.737
25.13,278.77,-25.405
-49.465,383.09,32.985
95.966,105.91,-35.395
53.303,162.83,3.9023
-69.559,377.75,0.70925
